/*--------------------------------*- C++ -*----------------------------------*\
| =========                 |                                                 |
| \\      /  F ield         | OpenFOAM: The Open Source CFD Toolbox           |
|  \\    /   O peration     | Version:  v2106                                 |
|   \\  /    A nd           | Website:  www.openfoam.com                      |
|    \\/     M anipulation  |                                                 |
\*---------------------------------------------------------------------------*/
FoamFile
{
    version     2.0;
    format      ascii;
    arch        "LSB;label=32;scalar=64";
    class       volScalarField;
    location    "1.6";
    object      p;
}
// * * * * * * * * * * * * * * * * * * * * * * * * * * * * * * * * * * * * * //

dimensions      [0 2 -2 0 0 0 0];

internalField   nonuniform List<scalar> 
4800
(
2.13736e-11
2.42217e-05
-6.38132e-06
-8.57484e-05
-0.000172815
-0.000206572
-0.000264919
-0.000342258
-0.000336758
-0.000377538
-0.000353141
-0.000265181
-0.000149515
2.40393e-05
0.000247595
0.000537437
0.000908774
0.00142371
0.00207365
0.00276982
1.33487e-05
2.16077e-05
-3.40975e-06
-8.81449e-05
-0.000170462
-0.000211449
-0.000262108
-0.000342966
-0.000332021
-0.000378621
-0.000344554
-0.000267257
-0.000143854
2.01313e-05
0.000252427
0.00052993
0.000914232
0.00137246
0.00186588
0.00238102
1.5748e-05
1.9799e-05
-1.93401e-06
-8.90244e-05
-0.000169167
-0.000212946
-0.000260902
-0.00034244
-0.000331722
-0.000376274
-0.000343295
-0.000265609
-0.000143218
1.89339e-05
0.000248689
0.000512228
0.000851877
0.00125481
0.00168464
0.00210804
2.70583e-05
1.77714e-05
1.41661e-07
-8.99665e-05
-0.000168564
-0.000214659
-0.00026117
-0.000340112
-0.000336141
-0.00037022
-0.000341473
-0.000261374
-0.000140141
2.04995e-05
0.000235868
0.000486126
0.000788212
0.00113543
0.0014841
0.00184279
3.41851e-05
1.63697e-05
1.20968e-06
-8.98817e-05
-0.000169001
-0.000213521
-0.000262625
-0.000335821
-0.000337421
-0.000365294
-0.000336614
-0.000256963
-0.000139379
1.73502e-05
0.000216932
0.000445881
0.000703208
0.000966913
0.00124898
0.00159246
4.36595e-05
1.65418e-05
1.16582e-06
-8.86153e-05
-0.000170723
-0.000212473
-0.000264656
-0.000332599
-0.000336887
-0.00035907
-0.000331864
-0.000252896
-0.000141392
1.02746e-05
0.000190761
0.000385947
0.000560772
0.000762454
0.00103756
0.00137422
5.22485e-05
1.85052e-05
-9.48392e-08
-8.66325e-05
-0.00017377
-0.000211721
-0.000262777
-0.000329646
-0.000335985
-0.000353721
-0.00032757
-0.000250232
-0.00014608
-4.68323e-06
0.000142602
0.00025732
0.0003923
0.00059386
0.000859717
0.00117763
6.12244e-05
2.316e-05
-1.71481e-06
-8.49164e-05
-0.000174282
-0.000212674
-0.000259953
-0.00032532
-0.000334787
-0.000349175
-0.000323587
-0.000250054
-0.000156299
-4.54284e-05
2.89347e-05
0.000120323
0.000266763
0.000457712
0.000690323
0.000977443
6.82586e-05
3.04217e-05
-1.86437e-06
-8.63976e-05
-0.000174078
-0.000210942
-0.00025704
-0.000321434
-0.000333813
-0.000345609
-0.000321978
-0.000258996
-0.000192034
-0.000140777
-7.67338e-05
2.46601e-05
0.00016145
0.000320543
0.000513645
0.00076939
7.85683e-05
3.79635e-05
1.00482e-06
-8.75195e-05
-0.000174901
-0.000205973
-0.000252471
-0.000318265
-0.000334219
-0.000344356
-0.000325903
-0.000286074
-0.000285141
-0.000235108
-0.000146584
-5.34389e-05
4.99355e-05
0.000172925
0.000329523
0.000555541
8.48335e-05
4.63265e-05
6.88303e-06
-8.49975e-05
-0.000176755
-0.000203652
-0.000247626
-0.000315782
-0.000337033
-0.000348551
-0.000356245
-0.000370053
-0.000354291
-0.000289873
-0.000207001
-0.000140652
-7.38695e-05
1.38655e-05
0.000139085
0.00033964
9.30501e-05
5.58088e-05
1.55122e-05
-7.80735e-05
-0.000174546
-0.000204762
-0.000246985
-0.000316469
-0.000345571
-0.000379047
-0.000429607
-0.000420861
-0.000390933
-0.00034136
-0.00028037
-0.000241705
-0.000210277
-0.000155083
-5.60884e-05
0.000123837
0.000100301
6.65228e-05
2.65844e-05
-6.5191e-05
-0.000166797
-0.000208971
-0.00025624
-0.000326599
-0.000375679
-0.000447191
-0.000473465
-0.0004505
-0.000429598
-0.000404316
-0.000368839
-0.000354734
-0.000354266
-0.000330112
-0.000254925
-8.99022e-05
0.00010686
7.72782e-05
4.10772e-05
-4.89956e-05
-0.000151992
-0.000213134
-0.000279002
-0.000373297
-0.000431179
-0.000474108
-0.000494556
-0.000483408
-0.000478375
-0.000478652
-0.000468544
-0.000475867
-0.000502335
-0.00050851
-0.00045544
-0.000301973
0.000118795
8.6854e-05
5.739e-05
-3.12749e-05
-0.00013874
-0.000219834
-0.000325679
-0.000430771
-0.000471215
-0.000501892
-0.00052489
-0.000525371
-0.00053589
-0.00056004
-0.000576352
-0.000604618
-0.000654368
-0.00068819
-0.000656908
-0.000514147
0.000132263
9.9183e-05
7.40437e-05
-1.43282e-05
-0.000140543
-0.000241993
-0.000356521
-0.000456994
-0.000510889
-0.000539992
-0.0005662
-0.000576616
-0.000600084
-0.000646179
-0.0006904
-0.000740991
-0.00081101
-0.000868543
-0.000858639
-0.000727183
0.000150845
0.000115811
8.66418e-05
-2.26892e-06
-0.000149641
-0.000274352
-0.000386249
-0.000492084
-0.000550337
-0.000582322
-0.000614695
-0.000636222
-0.000671768
-0.000737299
-0.000809499
-0.000884358
-0.000972627
-0.00104979
-0.00105968
-0.000940198
0.000173497
0.000136682
9.4929e-05
-2.03614e-06
-0.000164262
-0.000306395
-0.000420851
-0.000526071
-0.000589189
-0.000627432
-0.000668453
-0.000703702
-0.000752072
-0.000834654
-0.000933126
-0.00103357
-0.00113954
-0.00123259
-0.00125938
-0.00115169
0.000199181
0.000161803
0.000101888
-1.61932e-05
-0.000187181
-0.000334623
-0.000452907
-0.000560339
-0.000630948
-0.000676901
-0.000727851
-0.000778825
-0.000841597
-0.000939464
-0.00106133
-0.00118719
-0.00131135
-0.00141757
-0.00145763
-0.0013606
0.000227561
0.000186825
0.000106859
-3.44107e-05
-0.00021844
-0.000367548
-0.000484334
-0.000595007
-0.000675484
-0.000731108
-0.000792966
-0.000860745
-0.000939937
-0.00105245
-0.00119432
-0.00134377
-0.00148642
-0.00160457
-0.00165476
-0.00156663
0.000257873
0.000210706
0.000107848
-5.27809e-05
-0.000249937
-0.000405652
-0.00052107
-0.000632222
-0.000722798
-0.000790332
-0.000863972
-0.000948765
-0.00104596
-0.00117341
-0.00133223
-0.00150234
-0.00166311
-0.00179315
-0.00185151
-0.00177001
0.000287429
0.000232577
0.000107273
-7.11046e-05
-0.000280821
-0.000447062
-0.000564817
-0.000675433
-0.000774133
-0.000854857
-0.00094113
-0.00104238
-0.00115833
-0.00130137
-0.00147508
-0.00166292
-0.00184074
-0.00198263
-0.00204797
-0.00197078
0.000314817
0.000251996
0.000106552
-8.92212e-05
-0.000311453
-0.000490964
-0.000615143
-0.000725719
-0.000830793
-0.000924609
-0.00102441
-0.00114147
-0.00127593
-0.00143522
-0.00162288
-0.00182574
-0.00201862
-0.00217156
-0.002243
-0.00216863
0.00033951
0.000269201
0.000105443
-0.000107765
-0.000342801
-0.000536745
-0.000670976
-0.000783476
-0.000893642
-0.000999883
-0.00111378
-0.00124627
-0.00139814
-0.00157375
-0.00177495
-0.00199041
-0.00219573
-0.00235856
-0.00243568
-0.0023636
0.00036108
0.000283426
0.000103465
-0.000126766
-0.000374828
-0.000584009
-0.000731642
-0.000848752
-0.000963513
-0.00108106
-0.0012088
-0.00135624
-0.00152438
-0.00171569
-0.0019299
-0.00215616
-0.00237161
-0.00254315
-0.00262578
-0.00255577
0.0003793
0.00029482
9.98978e-05
-0.000147291
-0.000408119
-0.000632457
-0.000795985
-0.000920886
-0.00104056
-0.00116822
-0.00130931
-0.00147109
-0.00165449
-0.00186036
-0.00208633
-0.00232204
-0.00254577
-0.0027246
-0.00281231
-0.00274418
0.00039395
0.000302761
9.41905e-05
-0.000169651
-0.00044338
-0.000682272
-0.000862932
-0.000998733
-0.00112454
-0.00126125
-0.00141487
-0.00159034
-0.00178778
-0.00200671
-0.00224318
-0.00248717
-0.00271766
-0.00290215
-0.00299408
-0.00292776
0.00040474
0.00030717
8.5894e-05
-0.000194245
-0.00048113
-0.000733789
-0.000931855
-0.00108101
-0.00121467
-0.00135984
-0.00152446
-0.00171254
-0.0019228
-0.00215378
-0.0024001
-0.00265126
-0.00288712
-0.00307567
-0.00317067
-0.00310588
0.000411275
0.000307756
7.46206e-05
-0.000221395
-0.000521831
-0.00078724
-0.00100197
-0.00116645
-0.00131001
-0.00146379
-0.00163795
-0.00183692
-0.00205859
-0.00230027
-0.00255571
-0.0028132
-0.00305328
-0.0032447
-0.00334165
-0.00327788
0.000413421
0.000304291
6.04552e-05
-0.00025085
-0.000565644
-0.000843671
-0.00107332
-0.00125333
-0.00140867
-0.00157172
-0.00175485
-0.00196312
-0.00219441
-0.00244521
-0.00270859
-0.00297182
-0.00321531
-0.00340877
-0.00350679
-0.00344331
0.000411203
0.000296003
4.26364e-05
-0.000282457
-0.000611723
-0.000903106
-0.00114662
-0.00134102
-0.00150892
-0.00168176
-0.00187346
-0.00208988
-0.00232918
-0.00258777
-0.0028579
-0.00312623
-0.00337258
-0.00356731
-0.00366563
-0.00360169
0.000404527
0.000284141
2.12708e-05
-0.000316807
-0.000659886
-0.000964463
-0.00122114
-0.001429
-0.00160979
-0.00179284
-0.00199249
-0.00221581
-0.00246168
-0.00272683
-0.00300265
-0.00327519
-0.00352388
-0.00371927
-0.00381734
-0.00375247
0.000393636
0.00026793
-3.39091e-06
-0.000353182
-0.000710074
-0.00102773
-0.00129622
-0.00151621
-0.00170959
-0.00190328
-0.00211059
-0.00233966
-0.00259085
-0.00286118
-0.00314158
-0.00341746
-0.00366802
-0.00386384
-0.00396133
-0.00389528
0.000378645
0.000247923
-3.15725e-05
-0.000391142
-0.000760172
-0.00109175
-0.00137197
-0.00160233
-0.00180691
-0.00201057
-0.00222559
-0.00245997
-0.00271559
-0.00298994
-0.00327367
-0.00355209
-0.00380411
-0.00400026
-0.00409698
-0.00402948
0.000360022
0.000224971
-6.19821e-05
-0.000430941
-0.000810576
-0.00115378
-0.00144579
-0.00168693
-0.00190102
-0.00211319
-0.00233536
-0.002575
-0.00283453
-0.00311198
-0.00339796
-0.00367799
-0.00393106
-0.00412746
-0.00422348
-0.00415442
0.000338339
0.000199652
-9.33322e-05
-0.000470226
-0.000860544
-0.00121405
-0.00151527
-0.00176771
-0.00199097
-0.00221007
-0.00243849
-0.002683
-0.00294633
-0.0032261
-0.00351349
-0.00379421
-0.00404779
-0.00424433
-0.00433976
-0.00426927
0.000314951
0.000172781
-0.000125411
-0.000507628
-0.000906604
-0.00127108
-0.00157994
-0.00184183
-0.00207464
-0.00229947
-0.0025331
-0.00278194
-0.00304877
-0.00333047
-0.00361871
-0.00389976
-0.00415351
-0.00435017
-0.00444517
-0.00437355
0.000290757
0.000146136
-0.00015546
-0.000542469
-0.000948234
-0.00132107
-0.0016376
-0.00190755
-0.00214875
-0.0023788
-0.0026163
-0.00286908
-0.00313882
-0.003422
-0.0037105
-0.00399155
-0.00424525
-0.00444183
-0.00453644
-0.00446405
0.0002689
0.000122542
-0.00018152
-0.000571897
-0.000983879
-0.0013625
-0.00168427
-0.00196157
-0.00220895
-0.00244317
-0.0026836
-0.00293914
-0.00321138
-0.00349552
-0.00378401
-0.00406475
-0.00431834
-0.00451474
-0.00460879
-0.00453523
0.000249048
0.000100226
-0.000207095
-0.000600482
-0.00101747
-0.00140313
-0.00172948
-0.00201349
-0.00226832
-0.002507
-0.00275071
-0.00300912
-0.00328446
-0.00357062
-0.00385992
-0.0041411
-0.00439526
-0.00459246
-0.00468709
-0.00461377
0.00351861
0.00367011
0.00352281
0.00338799
0.00328016
0.00314226
0.00294261
0.00268034
0.00236929
0.00202597
0.00166404
0.00129569
0.000933465
0.000584351
0.000238864
-0.00012209
-0.000508531
-0.000924341
-0.00137936
-0.00188769
-0.00245957
-0.0030985
-0.00380369
-0.00456296
-0.00533981
-0.0060699
-0.00666714
-0.00705035
-0.00718014
-0.00707219
-0.00680155
-0.00646158
-0.00612308
-0.00582299
-0.00557764
-0.00539398
-0.00526948
-0.00519708
-0.00516907
-0.00517701
-0.005209
-0.00525634
-0.00531538
-0.00538231
-0.00545268
-0.00552574
-0.00560084
-0.00567577
-0.0057509
-0.00582613
-0.00590347
-0.00597952
-0.00605521
-0.00613108
-0.00620703
-0.00628424
-0.00636062
-0.00643727
-0.00651202
-0.00658875
-0.00666464
-0.00673923
-0.0068164
-0.0068929
-0.00697121
-0.00704849
-0.0071292
-0.00720802
-0.00728749
-0.00736814
-0.0074461
-0.00752777
-0.00760811
-0.00769228
-0.00777756
-0.00786175
-0.00794999
-0.00803204
-0.00811945
-0.00820632
-0.00829238
-0.0083855
-0.00847123
-0.00856477
-0.00865478
-0.00873982
-0.00883751
-0.00892406
-0.00901512
-0.00910766
-0.00919541
-0.00928817
-0.00937313
-0.0094618
-0.00954725
-0.00962914
-0.00970635
-0.00978071
-0.00984475
-0.00989961
0.00291023
0.00329032
0.00341569
0.00337361
0.00326365
0.00310942
0.00290523
0.00264687
0.00234075
0.00200042
0.00163969
0.00127155
0.00090941
0.000560997
0.000216922
-0.000142683
-0.000528083
-0.000942429
-0.00139495
-0.00189983
-0.00246756
-0.00310118
-0.00379885
-0.00454687
-0.00531075
-0.00602959
-0.00662191
-0.00700972
-0.00714863
-0.00704939
-0.00678507
-0.00644911
-0.00611262
-0.0058144
-0.00557052
-0.00538793
-0.00526412
-0.00519217
-0.00516452
-0.00517279
-0.00520503
-0.00525258
-0.00531183
-0.00537897
-0.00544951
-0.00552276
-0.00559805
-0.00567316
-0.00574846
-0.00582385
-0.00590136
-0.00597756
-0.00605338
-0.00612938
-0.00620544
-0.00628277
-0.00635924
-0.00643597
-0.00651078
-0.0065876
-0.00666355
-0.00673819
-0.00681544
-0.00689198
-0.00697035
-0.00704764
-0.0071284
-0.00720724
-0.00728674
-0.00736743
-0.0074454
-0.00752712
-0.00760747
-0.00769166
-0.00777696
-0.00786116
-0.00794945
-0.0080315
-0.00811893
-0.00820583
-0.00829188
-0.00838505
-0.00847077
-0.00856434
-0.00865437
-0.0087394
-0.00883715
-0.0089237
-0.00901477
-0.00910734
-0.00919508
-0.00928789
-0.00937284
-0.00946154
-0.00954699
-0.0096289
-0.00970612
-0.00978051
-0.00984455
-0.00989943
0.00257812
0.00305806
0.00335499
0.00340928
0.00330227
0.00311799
0.00289073
0.00262406
0.00231716
0.001977
0.00161531
0.00124517
0.000881093
0.000531744
0.000188168
-0.000170365
-0.000555328
-0.00096921
-0.0014194
-0.00191947
-0.00248036
-0.00310456
-0.00378807
-0.00451392
-0.00524933
-0.00593989
-0.00651308
-0.00689698
-0.00705021
-0.00697778
-0.00673971
-0.00642222
-0.00609684
-0.00580503
-0.00556646
-0.0053879
-0.00526631
-0.00519513
-0.00516736
-0.0051751
-0.00520672
-0.00525366
-0.00531235
-0.005379
-0.00544914
-0.00552206
-0.0055971
-0.00567202
-0.00574718
-0.00582246
-0.00589988
-0.00597602
-0.00605183
-0.00612783
-0.00620391
-0.00628126
-0.00635774
-0.00643451
-0.00650934
-0.0065862
-0.00666221
-0.0067369
-0.00681423
-0.00689085
-0.00696931
-0.00704666
-0.00712748
-0.00720635
-0.00728587
-0.00736662
-0.00744462
-0.00752642
-0.00760682
-0.00769106
-0.00777639
-0.00786058
-0.0079489
-0.00803097
-0.00811844
-0.00820539
-0.00829144
-0.00838465
-0.00847035
-0.00856395
-0.00865401
-0.00873903
-0.00883682
-0.00892337
-0.00901445
-0.00910706
-0.00919479
-0.00928763
-0.00937258
-0.0094613
-0.00954677
-0.00962871
-0.00970594
-0.00978037
-0.00984457
-0.00989944
0.00229321
0.00282006
0.00322045
0.00336783
0.00329751
0.00310664
0.00286088
0.0025835
0.00227485
0.00193634
0.00157603
0.00120593
0.000841209
0.000491564
0.000148796
-0.000208503
-0.000592944
-0.00100555
-0.00145177
-0.0019446
-0.00249567
-0.00310662
-0.00377059
-0.00447
-0.00517299
-0.00583171
-0.00638281
-0.00676214
-0.00693116
-0.00688902
-0.00668232
-0.00638817
-0.00607717
-0.00579388
-0.00556081
-0.00538578
-0.00526613
-0.00519566
-0.00516773
-0.00517489
-0.00520586
-0.00525222
-0.00531041
-0.00537664
-0.00544647
-0.00551916
-0.005594
-0.00566884
-0.00574401
-0.00581929
-0.00589671
-0.00597289
-0.00604882
-0.00612496
-0.00620117
-0.00627864
-0.00635524
-0.00643213
-0.00650705
-0.00658399
-0.00666009
-0.00673491
-0.00681237
-0.00688913
-0.00696775
-0.00704523
-0.00712614
-0.00720505
-0.00728458
-0.00736537
-0.00744344
-0.00752537
-0.00760587
-0.0076902
-0.00777555
-0.00785972
-0.00794805
-0.00803013
-0.00811767
-0.00820467
-0.00829075
-0.008384
-0.00846966
-0.00856328
-0.00865337
-0.0087384
-0.00883622
-0.00892277
-0.00901388
-0.00910651
-0.00919423
-0.00928712
-0.00937207
-0.00946082
-0.00954631
-0.0096283
-0.0097056
-0.00978005
-0.00984463
-0.0098995
0.00204185
0.00259013
0.00305767
0.00328859
0.00327577
0.00309823
0.00284252
0.00255305
0.00223828
0.00189795
0.00153707
0.00116647
0.000801192
0.000451311
0.000109172
-0.00024673
-0.000629853
-0.00104033
-0.00148191
-0.00196668
-0.00250661
-0.00310243
-0.00374452
-0.0044152
-0.00508558
-0.00571326
-0.00624301
-0.00661782
-0.00680137
-0.0067886
-0.00661513
-0.00634776
-0.00605408
-0.00578097
-0.00555354
-0.00538172
-0.00526407
-0.00519471
-0.00516706
-0.00517399
-0.00520455
-0.00525048
-0.00530824
-0.00537408
-0.00544358
-0.00551598
-0.00559058
-0.00566529
-0.00574046
-0.0058157
-0.00589305
-0.00596924
-0.00604523
-0.00612149
-0.00619782
-0.00627539
-0.00635207
-0.00642907
-0.00650408
-0.00658107
-0.00665726
-0.00673222
-0.00680982
-0.00688677
-0.00696561
-0.00704327
-0.00712429
-0.00720325
-0.00728277
-0.00736359
-0.00744176
-0.00752386
-0.00760453
-0.00768899
-0.00777436
-0.0078585
-0.00794679
-0.00802892
-0.00811654
-0.00820364
-0.00828977
-0.00838306
-0.00846868
-0.00856229
-0.00865242
-0.00873749
-0.0088353
-0.00892188
-0.00901301
-0.00910567
-0.00919338
-0.0092863
-0.00937126
-0.00946005
-0.00954556
-0.0096276
-0.00970507
-0.0097795
-0.00984467
-0.00989955
0.0018196
0.00237393
0.00288553
0.00318606
0.00323694
0.00309006
0.00283472
0.00253312
0.00220771
0.00186136
0.00149706
0.0011245
0.000758513
0.000408709
6.72916e-05
-0.000286904
-0.000667795
-0.00107539
-0.00151192
-0.00198808
-0.00251539
-0.00309429
-0.00371347
-0.00435519
-0.00499377
-0.00559179
-0.00610103
-0.00647089
-0.00666731
-0.00668209
-0.0065418
-0.00630298
-0.00602899
-0.00576748
-0.00554612
-0.00537741
-0.00526159
-0.00519333
-0.00516608
-0.0051729
-0.00520316
-0.0052487
-0.00530602
-0.00537144
-0.00544056
-0.00551263
-0.00558694
-0.00566147
-0.00573658
-0.00581174
-0.00588898
-0.00596515
-0.00604119
-0.00611756
-0.006194
-0.00627166
-0.00634842
-0.00642552
-0.00650062
-0.00657764
-0.00665392
-0.00672904
-0.0068068
-0.00688397
-0.00696307
-0.00704093
-0.00712207
-0.00720107
-0.00728055
-0.00736141
-0.00743969
-0.007522
-0.00760287
-0.00768748
-0.00777288
-0.00785695
-0.00794519
-0.00802738
-0.00811508
-0.00820233
-0.00828851
-0.00838185
-0.00846741
-0.00856098
-0.00865118
-0.0087363
-0.00883404
-0.00892069
-0.00901182
-0.00910452
-0.0091922
-0.00928515
-0.00937013
-0.00945894
-0.00954447
-0.00962658
-0.00970429
-0.0097787
-0.00984459
-0.00989951
0.00160751
0.00216267
0.00270573
0.00306348
0.00317742
0.00307171
0.00282698
0.0025169
0.00217959
0.00182502
0.00145506
0.00107863
0.000711123
0.000361521
2.13047e-05
-0.00033049
-0.00070816
-0.00111184
-0.00154233
-0.00200889
-0.00252222
-0.00308275
-0.00367863
-0.00429179
-0.00489936
-0.00546911
-0.00595875
-0.00632304
-0.00653012
-0.00656998
-0.00646202
-0.00625313
-0.00600098
-0.00575271
-0.0055382
-0.00537266
-0.0052585
-0.00519125
-0.0051644
-0.00517118
-0.00520126
-0.00524651
-0.00530343
-0.00536845
-0.00543721
-0.00550891
-0.00558292
-0.00565727
-0.00573227
-0.00580733
-0.00588445
-0.00596059
-0.0060367
-0.00611319
-0.00618976
-0.00626753
-0.00634439
-0.0064216
-0.00649678
-0.00657385
-0.00665023
-0.00672553
-0.00680346
-0.00688089
-0.00696027
-0.00703835
-0.00711959
-0.00719865
-0.00727807
-0.00735896
-0.00743736
-0.00751991
-0.00760102
-0.00768578
-0.00777119
-0.00785519
-0.00794337
-0.00802563
-0.0081134
-0.00820083
-0.00828706
-0.00838045
-0.00846594
-0.00855942
-0.00864973
-0.00873491
-0.00883254
-0.00891927
-0.00901038
-0.00910313
-0.00919077
-0.00928373
-0.00936876
-0.00945756
-0.00954313
-0.00962529
-0.00970333
-0.00977771
-0.00984436
-0.00989936
0.00139154
0.00194973
0.0025198
0.00292526
0.00309682
0.00303855
0.00281386
0.00250119
0.00215287
0.00178879
0.00141196
0.00102993
0.00065935
0.000309814
-2.81932e-05
-0.000376491
-0.000750122
-0.001149
-0.00157228
-0.00202816
-0.0025267
-0.00306814
-0.00364058
-0.00422583
-0.00480348
-0.00534595
-0.00581627
-0.0061739
-0.00638941
-0.00645184
-0.00637486
-0.00619673
-0.00596842
-0.00573544
-0.00552913
-0.0053673
-0.00525476
-0.00518838
-0.00516187
-0.00516862
-0.00519858
-0.00524365
-0.00530025
-0.00536491
-0.00543333
-0.00550471
-0.00557842
-0.00565257
-0.00572748
-0.00580244
-0.00587946
-0.00595561
-0.00603179
-0.00610843
-0.00618516
-0.00626306
-0.00634003
-0.00641735
-0.00649263
-0.00656975
-0.00664624
-0.00672173
-0.00679985
-0.00687756
-0.00695725
-0.00703557
-0.00711692
-0.00719602
-0.00727536
-0.0073563
-0.00743484
-0.00751765
-0.00759902
-0.00768393
-0.00776935
-0.00785326
-0.00794135
-0.00802372
-0.00811156
-0.00819918
-0.00828547
-0.00837891
-0.00846432
-0.0085577
-0.00864812
-0.00873336
-0.00883086
-0.00891771
-0.00900878
-0.00910157
-0.00918916
-0.00928214
-0.00936721
-0.009456
-0.00954161
-0.00962382
-0.00970223
-0.00977661
-0.00984399
-0.00989916
0.0011698
0.00173397
0.0023299
0.00277671
0.0029987
0.00298862
0.00279249
0.00248419
0.00212699
0.00175282
0.00136889
0.000980693
0.000605074
0.000254403
-8.08739e-05
-0.000424787
-0.000793889
-0.00118738
-0.00160228
-0.00204607
-0.00252896
-0.00305073
-0.0035994
-0.00415722
-0.00470579
-0.00522165
-0.00567273
-0.00602289
-0.00624506
-0.00632776
-0.0062802
-0.00613325
-0.00593076
-0.00571521
-0.00551872
-0.00536136
-0.00525047
-0.00518472
-0.00515838
-0.00516503
-0.00519489
-0.00523991
-0.00529635
-0.00536075
-0.00542894
-0.00550008
-0.00557351
-0.00564748
-0.00572231
-0.00579719
-0.0058741
-0.00595027
-0.00602654
-0.00610334
-0.00618023
-0.00625828
-0.00633536
-0.0064128
-0.00648819
-0.00656536
-0.00664195
-0.00671766
-0.00679598
-0.00687399
-0.00695402
-0.00703258
-0.00711404
-0.0071932
-0.00727245
-0.00735343
-0.00743212
-0.00751522
-0.00759686
-0.00768194
-0.00776737
-0.00785116
-0.00793917
-0.00802166
-0.00810958
-0.0081974
-0.00828375
-0.00837723
-0.00846258
-0.00855582
-0.00864637
-0.00873169
-0.00882904
-0.008916
-0.00900706
-0.00909988
-0.00918742
-0.00928039
-0.00936555
-0.00945428
-0.00953997
-0.00962222
-0.00970105
-0.00977545
-0.00984349
-0.00989893
0.000944243
0.00151649
0.00213801
0.0026224
0.00288821
0.00292323
0.00276056
0.002464
0.00210139
0.00171725
0.00132627
0.000932214
0.000549651
0.000195246
-0.0001377
-0.000476097
-0.000839593
-0.00122678
-0.00163197
-0.00206191
-0.00252797
-0.00302981
-0.00355481
-0.00408579
-0.00460628
-0.00509633
-0.00552852
-0.00587069
-0.00609797
-0.00619875
-0.00617872
-0.00606256
-0.00588726
-0.00569119
-0.0055063
-0.00535447
-0.00524557
-0.00518034
-0.005154
-0.00516046
-0.00519023
-0.00523529
-0.00529175
-0.00535607
-0.00542406
-0.005495
-0.00556821
-0.00564201
-0.00571676
-0.00579156
-0.00586834
-0.00594454
-0.00602092
-0.00609789
-0.00617497
-0.00625317
-0.00633037
-0.00640795
-0.00648343
-0.00656064
-0.00663736
-0.0067133
-0.00679184
-0.00687017
-0.00695056
-0.00702939
-0.00711095
-0.00719015
-0.00726931
-0.00735035
-0.00742921
-0.00751261
-0.00759455
-0.0076798
-0.00776524
-0.00784891
-0.0079368
-0.00801944
-0.00810747
-0.00819549
-0.00828189
-0.00837541
-0.00846072
-0.0085538
-0.00864449
-0.0087299
-0.00882709
-0.00891416
-0.0090052
-0.00909805
-0.00918557
-0.0092785
-0.00936376
-0.00945243
-0.00953822
-0.00962051
-0.00969977
-0.00977422
-0.00984287
-0.00989867
0.000718034
0.00129903
0.00194515
0.00246386
0.00276851
0.00284403
0.00271616
0.00243768
0.00207414
0.00168079
0.00128277
0.000883648
0.000493906
0.000133476
-0.000198228
-0.000529847
-0.000886023
-0.001266
-0.00166093
-0.00207587
-0.00252397
-0.00300582
-0.00350769
-0.00401239
-0.0045055
-0.00497052
-0.0053842
-0.00571792
-0.00594879
-0.00606534
-0.00607062
-0.00598428
-0.00583693
-0.00566234
-0.00549125
-0.00534647
-0.00524022
-0.00517564
-0.0051491
-0.00515513
-0.00518467
-0.00522973
-0.00528626
-0.00535064
-0.00541854
-0.00548931
-0.00556238
-0.00563607
-0.00571075
-0.00578552
-0.00586218
-0.00593839
-0.00601491
-0.00609208
-0.00616934
-0.0062477
-0.00632504
-0.00640275
-0.00647832
-0.00655557
-0.00663241
-0.00670862
-0.00678741
-0.00686607
-0.00694684
-0.00702597
-0.00710762
-0.00718688
-0.00726594
-0.00734702
-0.00742607
-0.0075098
-0.00759207
-0.00767749
-0.00776294
-0.0078465
-0.00793426
-0.00801704
-0.0081052
-0.00819345
-0.0082799
-0.00837344
-0.00845874
-0.00855163
-0.00864247
-0.00872798
-0.008825
-0.00891218
-0.00900322
-0.00909609
-0.0091836
-0.00927646
-0.00936186
-0.00945045
-0.00953636
-0.00961868
-0.0096984
-0.00977294
-0.00984211
-0.00989835
0.00049408
0.00108304
0.00175148
0.00230137
0.00264141
0.00275289
0.00265795
0.00240159
0.00204254
0.00164218
0.00123749
0.000834772
0.000439308
7.16663e-05
-0.00026119
-0.000586027
-0.000933173
-0.00130515
-0.00168993
-0.00208928
-0.00251794
-0.00297896
-0.00345801
-0.0039371
-0.00440347
-0.00484422
-0.00523989
-0.00556489
-0.00579801
-0.0059281
-0.00595662
-0.00589886
-0.00577971
-0.00562829
-0.00547313
-0.00533706
-0.00523431
-0.00517051
-0.00514354
-0.00514884
-0.00517798
-0.005223
-0.00527966
-0.00534425
-0.00541228
-0.005483
-0.00555603
-0.00562969
-0.00570433
-0.00577906
-0.00585562
-0.00593182
-0.00600845
-0.00608586
-0.00616332
-0.00624184
-0.00631932
-0.00639715
-0.00647283
-0.00655013
-0.00662709
-0.00670358
-0.00678266
-0.00686167
-0.00694284
-0.00702228
-0.00710404
-0.00718334
-0.00726231
-0.00734344
-0.00742271
-0.00750678
-0.0075894
-0.007675
-0.00776048
-0.0078439
-0.00793153
-0.00801445
-0.00810275
-0.00819127
-0.00827778
-0.00837129
-0.00845661
-0.0085493
-0.0086403
-0.00872592
-0.00882275
-0.00891005
-0.0090011
-0.00909397
-0.00918151
-0.00927428
-0.00935983
-0.00944834
-0.00953437
-0.00961674
-0.00969693
-0.0097716
-0.0098412
-0.00989795
0.000274453
0.000869645
0.00155708
0.0021349
0.0025076
0.00265151
0.00258615
0.00235343
0.00200498
0.00160171
0.00119084
0.000785243
0.000386118
1.12812e-05
-0.000325657
-0.000645271
-0.000981877
-0.00134425
-0.00171872
-0.00210219
-0.00250998
-0.00294885
-0.00340525
-0.00385993
-0.00430069
-0.00471793
-0.00509598
-0.00541212
-0.00564645
-0.00578811
-0.00583761
-0.00580667
-0.00571534
-0.00558816
-0.00545075
-0.00532519
-0.00522717
-0.00516467
-0.00513734
-0.00514174
-0.0051703
-0.0052152
-0.00527194
-0.00533682
-0.0054052
-0.00547603
-0.00554902
-0.00562272
-0.00569736
-0.00577207
-0.00584855
-0.00592477
-0.00600153
-0.00607919
-0.00615692
-0.00623557
-0.00631318
-0.00639114
-0.00646692
-0.00654426
-0.00662135
-0.00669814
-0.00677754
-0.00685695
-0.00693857
-0.00701832
-0.00710019
-0.00717956
-0.00725839
-0.00733959
-0.0074191
-0.00750352
-0.00758655
-0.00767231
-0.00775784
-0.00784112
-0.0079286
-0.00801167
-0.0081001
-0.0081889
-0.00827553
-0.00836899
-0.00845433
-0.00854679
-0.00863798
-0.00872373
-0.00882035
-0.00890777
-0.00899883
-0.00909169
-0.00917928
-0.00927195
-0.00935767
-0.00944609
-0.00953224
-0.00961469
-0.00969534
-0.00977018
-0.00984013
-0.00989745
5.87926e-05
0.000658807
0.0013617
0.00196396
0.00236674
0.00254104
0.00250256
0.0022931
0.00195983
0.00155841
0.00114209
0.000733412
0.000332826
-4.76329e-05
-0.000390393
-0.000707118
-0.00103236
-0.00138262
-0.00174599
-0.00211413
-0.00250057
-0.00291599
-0.00334959
-0.0037813
-0.00419806
-0.00459241
-0.00495286
-0.00525991
-0.00549463
-0.00564613
-0.00571416
-0.00570792
-0.00564358
-0.0055412
-0.00542311
-0.00531009
-0.00521846
-0.00515812
-0.00513071
-0.00513411
-0.00516181
-0.00520638
-0.00526308
-0.00532822
-0.00539702
-0.00546815
-0.00554122
-0.005615
-0.00568979
-0.00576458
-0.005841
-0.00591726
-0.00599415
-0.00607205
-0.00615005
-0.00622886
-0.00630658
-0.00638467
-0.00646057
-0.00653795
-0.00661519
-0.00669231
-0.00677207
-0.00685192
-0.00693403
-0.0070141
-0.00709605
-0.00717549
-0.00725419
-0.00733543
-0.00741524
-0.00750002
-0.0075835
-0.00766943
-0.00775499
-0.00783814
-0.00792545
-0.00800871
-0.00809727
-0.00818635
-0.00827314
-0.00836653
-0.00845189
-0.00854408
-0.00863548
-0.00872139
-0.00881777
-0.00890533
-0.00899641
-0.00908926
-0.0091769
-0.00926946
-0.00935536
-0.00944369
-0.00952996
-0.00961253
-0.00969363
-0.00976868
-0.00983889
-0.00989682
-0.000154869
0.00045004
0.00116572
0.00178898
0.00221904
0.00242241
0.0024092
0.00222114
0.00190482
0.00150997
0.00109032
0.000678439
0.000278203
-0.000105002
-0.000453422
-0.00076945
-0.00108404
-0.0014201
-0.00177113
-0.0021251
-0.00249076
-0.00288171
-0.00329185
-0.00370144
-0.00409571
-0.00446796
-0.00481071
-0.0051083
-0.00534284
-0.00550278
-0.00558706
-0.0056033
-0.00556475
-0.00548725
-0.00538965
-0.00529099
-0.00520752
-0.00515048
-0.00512346
-0.00512591
-0.00515247
-0.00519648
-0.00525299
-0.00531828
-0.00538753
-0.00545919
-0.00553263
-0.00560655
-0.00568152
-0.00575652
-0.00583289
-0.00590919
-0.00598628
-0.00606442
-0.00614268
-0.0062217
-0.00629956
-0.00637773
-0.00645375
-0.00653117
-0.00660858
-0.00668604
-0.00676619
-0.00684652
-0.00692916
-0.0070096
-0.0070916
-0.00717109
-0.00724968
-0.00733094
-0.0074111
-0.00749628
-0.00758024
-0.00766635
-0.00775194
-0.00783495
-0.00792208
-0.00800552
-0.00809425
-0.0081836
-0.00827055
-0.0083639
-0.00844932
-0.00854117
-0.00863279
-0.00871891
-0.00881501
-0.00890273
-0.00899383
-0.00908666
-0.00917436
-0.00926681
-0.00935289
-0.00944115
-0.00952754
-0.00961024
-0.00969178
-0.00976708
-0.0098375
-0.00989606
-0.00036818
0.000242994
0.000970337
0.00161158
0.00206555
0.00229595
0.00230698
0.00213841
0.00183888
0.00145438
0.00103524
0.000620903
0.000221993
-0.000160746
-0.000513195
-0.000830336
-0.00113647
-0.00145769
-0.00179462
-0.0021349
-0.00248109
-0.00284707
-0.00323262
-0.00362014
-0.00399337
-0.00434506
-0.00467039
-0.00495795
-0.00519163
-0.00535889
-0.00545741
-0.00549386
-0.00547934
-0.0054262
-0.00534979
-0.00526696
-0.00519344
-0.00514126
-0.00511542
-0.00511706
-0.0051424
-0.00518563
-0.00524184
-0.00530715
-0.00537678
-0.00544904
-0.00552305
-0.00559726
-0.00567238
-0.0057477
-0.00582417
-0.00590057
-0.00597789
-0.0060563
-0.00613482
-0.00621404
-0.0062921
-0.00637031
-0.00644641
-0.00652387
-0.00660146
-0.00667931
-0.0067599
-0.00684076
-0.00692396
-0.00700482
-0.00708686
-0.00716635
-0.00724484
-0.00732614
-0.00740668
-0.0074923
-0.00757678
-0.00766303
-0.00774866
-0.00783151
-0.00791845
-0.00800212
-0.00809101
-0.00818067
-0.00826777
-0.00836103
-0.00844662
-0.00853808
-0.00862987
-0.00871627
-0.00881207
-0.00889994
-0.00899106
-0.0090839
-0.00917166
-0.00926397
-0.00935026
-0.00943846
-0.00952497
-0.00960782
-0.00968978
-0.00976537
-0.00983594
-0.00989513
-0.000581486
3.73134e-05
0.000776316
0.00143295
0.00190701
0.0021615
0.002196
0.00204626
0.00176269
0.00139075
0.000976464
0.000561385
0.000163755
-0.000216247
-0.000570338
-0.000889291
-0.00118903
-0.00149588
-0.00181692
-0.00214263
-0.0024708
-0.00281254
-0.00317254
-0.00353763
-0.00389111
-0.00422419
-0.00453291
-0.00480967
-0.00504143
-0.00521503
-0.00532618
-0.00538041
-0.00538771
-0.00535801
-0.00530316
-0.00523734
-0.00517536
-0.00512973
-0.00510622
-0.00510746
-0.00513171
-0.00517407
-0.00522973
-0.00529487
-0.00536465
-0.00543738
-0.00551208
-0.00558697
-0.0056624
-0.00573808
-0.00581485
-0.0058914
-0.00596894
-0.00604768
-0.00612651
-0.00620586
-0.00628412
-0.0063624
-0.00643851
-0.00651601
-0.00659383
-0.00667213
-0.00675322
-0.00683464
-0.00691843
-0.00699971
-0.00708178
-0.00716127
-0.00723963
-0.007321
-0.00740197
-0.00748802
-0.00757306
-0.00765945
-0.00774511
-0.00782783
-0.00791457
-0.00799852
-0.00808758
-0.00817755
-0.0082648
-0.00835791
-0.00844373
-0.00853481
-0.00862673
-0.00871343
-0.00880892
-0.00889699
-0.0089881
-0.00908094
-0.0091688
-0.00926094
-0.00934745
-0.00943562
-0.00952225
-0.00960526
-0.00968762
-0.00976353
-0.00983421
-0.00989402
-0.000794231
-0.000167772
0.000583029
0.00125331
0.00174435
0.00202001
0.00207712
0.00194641
0.00167805
0.00131916
0.000912835
0.000499319
0.000102857
-0.000273105
-0.000625663
-0.000945333
-0.00123983
-0.00153351
-0.001838
-0.00214763
-0.0024589
-0.00277856
-0.00311297
-0.0034551
-0.0037897
-0.00410586
-0.00439903
-0.00466433
-0.00489258
-0.00507126
-0.00519381
-0.00526374
-0.00529054
-0.00528295
-0.00524957
-0.00520153
-0.00515239
-0.00511491
-0.00509539
-0.00509706
-0.00512035
-0.0051618
-0.00521659
-0.00528136
-0.00535118
-0.00542424
-0.0054997
-0.00557553
-0.00565158
-0.00572756
-0.00580464
-0.00588156
-0.0059594
-0.00603851
-0.00611765
-0.00619713
-0.00627552
-0.00635392
-0.00643008
-0.00650756
-0.00658567
-0.00666444
-0.00674607
-0.0068281
-0.00691247
-0.00699424
-0.00707632
-0.0071558
-0.00723403
-0.00731548
-0.00739695
-0.00748344
-0.00756912
-0.00765563
-0.00774131
-0.00782393
-0.0079104
-0.00799467
-0.00808389
-0.00817419
-0.00826163
-0.00835453
-0.00844062
-0.00853136
-0.00862339
-0.00871041
-0.00880554
-0.00889387
-0.00898495
-0.00907779
-0.00916578
-0.00925773
-0.00934445
-0.00943259
-0.00951936
-0.00960257
-0.00968529
-0.00976155
-0.0098323
-0.00989271
-0.00100561
-0.000372818
0.000389597
0.00107306
0.00157932
0.00187356
0.00195156
0.00183966
0.00158599
0.00123956
0.000842849
0.00043379
3.95518e-05
-0.000331609
-0.000679559
-0.000997758
-0.00128778
-0.00156976
-0.00185827
-0.00215101
-0.00244556
-0.00274556
-0.00305565
-0.00337418
-0.00368984
-0.00398999
-0.0042686
-0.00452239
-0.00474563
-0.00492792
-0.00506092
-0.00514503
-0.00518912
-0.00520182
-0.0051893
-0.00515949
-0.00512423
-0.00509628
-0.00508228
-0.0050855
-0.00510802
-0.00514859
-0.00520265
-0.00526687
-0.00533665
-0.00540981
-0.00548574
-0.00556255
-0.00563958
-0.0057161
-0.00579345
-0.00587094
-0.00594925
-0.00602873
-0.00610825
-0.00618791
-0.00626641
-0.00634486
-0.00642112
-0.00649852
-0.00657691
-0.00665625
-0.0067385
-0.00682121
-0.00690614
-0.00698837
-0.00707044
-0.00714992
-0.00722809
-0.0073096
-0.00739167
-0.00747859
-0.00756488
-0.00765151
-0.00773715
-0.00781973
-0.00790596
-0.00799058
-0.00807997
-0.00817063
-0.00825828
-0.00835091
-0.00843729
-0.00852768
-0.00861984
-0.00870721
-0.00880189
-0.00889056
-0.0089816
-0.00907443
-0.00916258
-0.00925433
-0.00934127
-0.00942937
-0.00951632
-0.00959974
-0.00968278
-0.00975942
-0.00983021
-0.0098912
-0.00121474
-0.000577241
0.000196048
0.000892711
0.00141326
0.00172381
0.00182021
0.00172595
0.00148662
0.00115228
0.000766197
0.000364462
-2.56379e-05
-0.000391702
-0.000733182
-0.00104739
-0.00133302
-0.00160442
-0.00187774
-0.00215377
-0.00243105
-0.0027127
-0.00300065
-0.00329547
-0.00359151
-0.00387628
-0.00414172
-0.00438483
-0.00460211
-0.0047861
-0.00492814
-0.00502521
-0.0050845
-0.00511528
-0.00512249
-0.00511095
-0.00509029
-0.00507279
-0.00506567
-0.00507206
-0.00509471
-0.00513452
-0.00518797
-0.00525146
-0.0053209
-0.00539404
-0.00547015
-0.00554793
-0.00562624
-0.0057037
-0.00578138
-0.00585938
-0.00593844
-0.00601843
-0.00609835
-0.00617817
-0.00625674
-0.00633511
-0.00641147
-0.00648891
-0.00656758
-0.00664754
-0.00673045
-0.00681386
-0.00689934
-0.00698203
-0.00706409
-0.00714361
-0.00722181
-0.0073034
-0.00738606
-0.00747341
-0.0075603
-0.00764704
-0.0077327
-0.00781529
-0.00790126
-0.00798628
-0.00807579
-0.00816682
-0.00825468
-0.008347
-0.00843377
-0.00852374
-0.00861602
-0.00870387
-0.00879799
-0.00888701
-0.00897805
-0.00907084
-0.00915918
-0.00925072
-0.00933791
-0.00942595
-0.00951311
-0.00959678
-0.00968009
-0.00975712
-0.00982793
-0.00988945
-0.00142076
-0.000779601
3.25716e-06
0.000712526
0.00124659
0.00157157
0.00168384
0.00160568
0.00138069
0.00105877
0.000683884
0.000291214
-9.29238e-05
-0.000453468
-0.000787487
-0.00109518
-0.00137536
-0.00163689
-0.00189568
-0.0021558
-0.00241572
-0.00267927
-0.00294757
-0.0032202
-0.00349609
-0.00376581
-0.00401924
-0.00425234
-0.00446296
-0.00464647
-0.00479554
-0.00490453
-0.00497752
-0.00502405
-0.00504944
-0.00505585
-0.00505028
-0.00504408
-0.00504509
-0.00505628
-0.00508025
-0.00511946
-0.00517222
-0.00523515
-0.00530414
-0.00537719
-0.0054533
-0.00553163
-0.0056112
-0.00568998
-0.0057684
-0.00584687
-0.00592671
-0.00600749
-0.00608781
-0.00616774
-0.00624643
-0.00632472
-0.00640111
-0.00647867
-0.00655769
-0.00663824
-0.0067219
-0.00680611
-0.00689212
-0.00697528
-0.00705725
-0.00713684
-0.00721511
-0.00729682
-0.00738013
-0.00746789
-0.00755545
-0.00764226
-0.00772788
-0.00781056
-0.00789624
-0.00798173
-0.00807131
-0.00816272
-0.00825089
-0.00834279
-0.00843006
-0.00851961
-0.00861191
-0.00870033
-0.00879387
-0.00888324
-0.00897427
-0.00906707
-0.00915562
-0.00924688
-0.00933435
-0.00942233
-0.00950971
-0.00959368
-0.0096772
-0.00975466
-0.00982548
-0.00988746
-0.00162289
-0.000978521
-0.000187638
0.00053278
0.0010794
0.00141746
0.00154386
0.0014806
0.0012698
0.00096046
0.000596733
0.000213806
-0.000162712
-0.000516744
-0.000842801
-0.00114209
-0.00141515
-0.00166732
-0.00191232
-0.00215715
-0.00240044
-0.00264593
-0.00289628
-0.00314915
-0.00340489
-0.00365903
-0.003901
-0.00412465
-0.00432849
-0.00451
-0.00466393
-0.00478354
-0.00486917
-0.00492953
-0.00497125
-0.00499485
-0.00500454
-0.00501018
-0.00501997
-0.00503714
-0.00506379
-0.00510316
-0.00515529
-0.00521788
-0.00528652
-0.00535917
-0.0054351
-0.00551368
-0.00559439
-0.00567479
-0.00575442
-0.0058335
-0.00591387
-0.00599569
-0.00607673
-0.00615674
-0.00623555
-0.00631372
-0.00639005
-0.00646769
-0.00654726
-0.00662847
-0.0067129
-0.00679801
-0.00688443
-0.00696802
-0.00704982
-0.00712948
-0.00720795
-0.00728989
-0.00737401
-0.00746207
-0.00755023
-0.0076371
-0.00772262
-0.00780554
-0.00789094
-0.00797695
-0.00806659
-0.00815833
-0.00824688
-0.00833828
-0.0084261
-0.00851527
-0.0086075
-0.00869656
-0.00878954
-0.00887929
-0.00897024
-0.00906303
-0.00915187
-0.00924278
-0.00933062
-0.00941852
-0.00950611
-0.0095904
-0.00967409
-0.00975201
-0.00982285
-0.00988524
-0.00182092
-0.00117356
-0.000376003
0.000353843
0.000911777
0.00126215
0.00140162
0.00135215
0.00115469
0.000857585
0.000504972
0.000132251
-0.000235217
-0.000581462
-0.000899198
-0.00118897
-0.00145319
-0.00169589
-0.00192768
-0.00215742
-0.00238518
-0.00261346
-0.00284656
-0.00308196
-0.00331876
-0.00355669
-0.00378733
-0.00400224
-0.00419951
-0.0043781
-0.00453466
-0.00466297
-0.00476023
-0.00483285
-0.0048887
-0.00492817
-0.00495285
-0.00497061
-0.00498972
-0.00501388
-0.0050447
-0.00508546
-0.00513729
-0.00519936
-0.00526793
-0.0053402
-0.00541577
-0.00549457
-0.00557602
-0.00565787
-0.00573903
-0.00581924
-0.00590014
-0.00598288
-0.006065
-0.00614513
-0.00622391
-0.00630198
-0.00637835
-0.00645602
-0.00653625
-0.00661836
-0.00670338
-0.00678935
-0.00687615
-0.00696015
-0.00704185
-0.00712158
-0.0072004
-0.00728264
-0.00736759
-0.00745592
-0.0075446
-0.00763159
-0.00771699
-0.00780021
-0.00788538
-0.00797193
-0.00806158
-0.0081536
-0.00824258
-0.00833344
-0.00842192
-0.00851077
-0.00860283
-0.00869249
-0.00878489
-0.00887515
-0.008966
-0.00905872
-0.00914796
-0.00923846
-0.00932667
-0.00941451
-0.00950231
-0.00958701
-0.00967076
-0.00974916
-0.00982006
-0.00988279
-0.00201545
-0.00136503
-0.000561579
0.00017654
0.000744625
0.00110656
0.00125816
0.00122123
0.00103614
0.000750851
0.000409518
4.73801e-05
-0.000310142
-0.000647397
-0.000956319
-0.00123608
-0.00149012
-0.00172273
-0.00194196
-0.00215714
-0.0023704
-0.00258286
-0.00279903
-0.0030182
-0.00323811
-0.00345984
-0.0036786
-0.00388534
-0.00407636
-0.00425143
-0.00440877
-0.00454349
-0.00465114
-0.0047348
-0.00480275
-0.00485649
-0.00489569
-0.00492574
-0.00495456
-0.00498632
-0.00502248
-0.00506577
-0.00511798
-0.00517955
-0.00524821
-0.00532051
-0.00539538
-0.00547413
-0.00555608
-0.00563908
-0.00572207
-0.00580397
-0.00588567
-0.00596897
-0.00605225
-0.00613291
-0.00621161
-0.00628953
-0.00636597
-0.00644369
-0.00652445
-0.00660766
-0.00669342
-0.00678018
-0.00686742
-0.00695179
-0.00703338
-0.00711315
-0.00719233
-0.00727498
-0.00736089
-0.00744949
-0.00753865
-0.00762568
-0.00771094
-0.00779452
-0.00787948
-0.00796663
-0.00805627
-0.00814851
-0.00823807
-0.00832832
-0.00841752
-0.00850609
-0.0085979
-0.00868819
-0.00877991
-0.00887083
-0.00896163
-0.00905413
-0.0091438
-0.0092339
-0.00932253
-0.00941032
-0.00949834
-0.00958347
-0.00966717
-0.00974608
-0.00981715
-0.00988011
-0.00220673
-0.00155279
-0.00074349
2.36458e-06
0.000579616
0.000951913
0.00111453
0.0010889
0.000915362
0.000641414
0.000311347
-3.99425e-05
-0.000387113
-0.000714558
-0.00101416
-0.00128389
-0.00152713
-0.00174899
-0.00195611
-0.00215721
-0.00235624
-0.00255385
-0.0027538
-0.00295746
-0.00316251
-0.00336911
-0.00357549
-0.00377424
-0.0039595
-0.00413063
-0.00428742
-0.00442637
-0.00454267
-0.00463631
-0.00471471
-0.00478097
-0.00483373
-0.00487591
-0.00491453
-0.00495415
-0.00499634
-0.00504331
-0.00509694
-0.0051585
-0.00522704
-0.00529963
-0.00537406
-0.00545241
-0.005535
-0.005619
-0.00570348
-0.00578734
-0.00587031
-0.00595419
-0.00603828
-0.00611983
-0.00619869
-0.00627629
-0.00635278
-0.00643068
-0.00651212
-0.00659645
-0.00668321
-0.00677071
-0.0068581
-0.00694282
-0.00702419
-0.00710409
-0.00718379
-0.00726691
-0.00735397
-0.00744278
-0.00753229
-0.0076193
-0.00770437
-0.00778854
-0.00787337
-0.00796113
-0.00805073
-0.00814302
-0.00823325
-0.00832285
-0.00841282
-0.00850126
-0.00859272
-0.00868365
-0.00877464
-0.00886622
-0.00895708
-0.00904933
-0.00913942
-0.0092291
-0.00931819
-0.0094059
-0.00949412
-0.00957982
-0.00966336
-0.00974273
-0.00981409
-0.00987725
-0.00239392
-0.00173618
-0.000921015
-0.000167976
0.000417463
0.000798741
0.000971184
0.00095584
0.000793063
0.00053012
0.000211179
-0.000129028
-0.000465694
-0.000782928
-0.00107275
-0.00133247
-0.00156468
-0.00177506
-0.00197003
-0.00215744
-0.00234252
-0.00252641
-0.00271173
-0.00290079
-0.00309219
-0.00328521
-0.00347919
-0.00366937
-0.00384908
-0.00401616
-0.00417142
-0.00431273
-0.0044356
-0.00453812
-0.00462571
-0.00470259
-0.00476756
-0.00482135
-0.00486975
-0.00491731
-0.00496601
-0.00501768
-0.00507389
-0.00513608
-0.00520443
-0.00527741
-0.00535209
-0.00542986
-0.00551262
-0.00559776
-0.00568326
-0.00576905
-0.00585398
-0.00593879
-0.00602333
-0.00610553
-0.00618502
-0.00626233
-0.00633878
-0.00641703
-0.00649935
-0.00658482
-0.00667253
-0.00676084
-0.00684807
-0.00693304
-0.00701438
-0.00709442
-0.00717491
-0.0072585
-0.00734669
-0.00743575
-0.00752549
-0.0076126
-0.00769743
-0.00778226
-0.00786705
-0.00795535
-0.00804488
-0.00813704
-0.00822809
-0.00831717
-0.00840786
-0.00849632
-0.00858731
-0.00867878
-0.00876905
-0.00886132
-0.00895233
-0.00904439
-0.00913486
-0.00922393
-0.00931362
-0.00940142
-0.0094897
-0.00957602
-0.00965933
-0.00973912
-0.00981092
-0.00987422
-0.00257644
-0.00191512
-0.00109435
-0.000334583
0.000258405
0.000647864
0.000829192
0.000823422
0.000670733
0.000418404
0.000110166
-0.000219168
-0.000545362
-0.000852466
-0.00113219
-0.00138169
-0.00160273
-0.00180135
-0.00198432
-0.00215881
-0.00233055
-0.00250146
-0.00267327
-0.00284853
-0.00302691
-0.00320772
-0.00339005
-0.00357103
-0.00374506
-0.00390834
-0.00406144
-0.00420364
-0.00433115
-0.00444114
-0.00453679
-0.00462241
-0.00469805
-0.00476274
-0.00482079
-0.0048764
-0.00493179
-0.00498861
-0.0050482
-0.00511185
-0.00518042
-0.00525377
-0.00532897
-0.00540646
-0.00548898
-0.00557546
-0.00566208
-0.00574932
-0.00583649
-0.00592256
-0.00600745
-0.0060898
-0.00617008
-0.00624774
-0.00632416
-0.00640277
-0.00648611
-0.00657285
-0.00666129
-0.00675044
-0.00683762
-0.00692251
-0.00700397
-0.00708423
-0.00716562
-0.00724986
-0.00733909
-0.00742849
-0.00751821
-0.00760538
-0.00769009
-0.00777558
-0.00786056
-0.00794937
-0.00803875
-0.00813064
-0.00822253
-0.00831124
-0.00840265
-0.00849121
-0.0085817
-0.00867364
-0.00876321
-0.00885621
-0.00894735
-0.00903916
-0.00913013
-0.00921851
-0.00930882
-0.00939682
-0.00948503
-0.00957205
-0.00965514
-0.00973525
-0.00980761
-0.00987105
-0.00275376
-0.00208926
-0.00126325
-0.00049693
0.000103396
0.000500734
0.000690273
0.000693274
0.000549778
0.000307155
8.9479e-06
-0.000310115
-0.000625943
-0.000922944
-0.00119229
-0.00143131
-0.00164152
-0.00182878
-0.0020001
-0.00216216
-0.00232076
-0.0024789
-0.0026381
-0.00280079
-0.00296712
-0.00313663
-0.00330826
-0.0034799
-0.00364783
-0.00380753
-0.00395817
-0.00409999
-0.00423037
-0.00434618
-0.00444879
-0.00454171
-0.00462641
-0.00470109
-0.00476831
-0.00483177
-0.00489366
-0.00495577
-0.00501946
-0.00508558
-0.00515493
-0.00522859
-0.00530437
-0.00538229
-0.00546465
-0.00555207
-0.00564023
-0.00572853
-0.00581747
-0.00590523
-0.00599075
-0.00607304
-0.00615372
-0.00623231
-0.00630911
-0.00638786
-0.0064723
-0.00656061
-0.00664985
-0.00673955
-0.00682672
-0.00691127
-0.00699277
-0.00707352
-0.00715598
-0.00724107
-0.00733113
-0.00742077
-0.00751041
-0.00759757
-0.00768242
-0.00776868
-0.00785387
-0.00794317
-0.00803237
-0.00812382
-0.00821653
-0.00830506
-0.0083972
-0.00848601
-0.00857593
-0.00866825
-0.00875708
-0.0088508
-0.00894219
-0.00903372
-0.00912533
-0.00921292
-0.00930365
-0.00939212
-0.00948018
-0.00956786
-0.00965076
-0.0097311
-0.00980425
-0.00986779
-0.00292507
-0.00225781
-0.00142701
-0.00065445
-4.70066e-05
0.000357928
0.000555143
0.000565978
0.000430688
0.000196776
-9.20558e-05
-0.000401289
-0.000706773
-0.000993441
-0.00125254
-0.00148129
-0.00168121
-0.00185752
-0.00201733
-0.00216732
-0.00231332
-0.00245936
-0.00260695
-0.00275816
-0.00291328
-0.00307207
-0.00323381
-0.00339666
-0.00355803
-0.00371384
-0.00386182
-0.00400236
-0.00413424
-0.00425427
-0.00436269
-0.0044618
-0.00455382
-0.00463716
-0.00471281
-0.00478386
-0.00485235
-0.00491976
-0.0049877
-0.00505688
-0.00512762
-0.00520187
-0.00527842
-0.00535719
-0.00543972
-0.00552768
-0.00561758
-0.00570725
-0.00579723
-0.0058867
-0.00597334
-0.00605545
-0.0061359
-0.00621536
-0.0062935
-0.00637272
-0.00645812
-0.00654826
-0.00663834
-0.00672805
-0.00681496
-0.00689928
-0.00698085
-0.00706232
-0.00714614
-0.0072322
-0.00732297
-0.00741259
-0.007502
-0.00758926
-0.00767443
-0.00776164
-0.00784709
-0.00793675
-0.0080258
-0.00811657
-0.00821
-0.00829861
-0.00839145
-0.00848065
-0.00857002
-0.00866262
-0.00875072
-0.00884513
-0.00893698
-0.00902797
-0.00912022
-0.00920727
-0.0092983
-0.00938734
-0.00947516
-0.00956351
-0.00964625
-0.00972673
-0.00980076
-0.00986441
-0.00308958
-0.00241976
-0.00158472
-0.000806501
-0.000192432
0.000219689
0.000424173
0.000442217
0.000314415
8.84974e-05
-0.000191574
-0.000491374
-0.000786931
-0.00106352
-0.00131288
-0.00153181
-0.00172175
-0.0018876
-0.00203636
-0.00217508
-0.00230928
-0.00244368
-0.00258011
-0.00272047
-0.00286524
-0.00301417
-0.00316677
-0.00332145
-0.00347594
-0.00362721
-0.00377256
-0.00391146
-0.00404364
-0.00416635
-0.00427937
-0.00438366
-0.00448146
-0.00457203
-0.0046555
-0.0047337
-0.00480845
-0.00488088
-0.00495279
-0.00502549
-0.00509845
-0.00517365
-0.00525108
-0.0053309
-0.00541416
-0.0055029
-0.00559431
-0.00568577
-0.00577655
-0.00586684
-0.00595469
-0.00603687
-0.00611682
-0.00619691
-0.00627716
-0.00635777
-0.00644385
-0.00653549
-0.00662659
-0.00671611
-0.00680237
-0.00688656
-0.00696849
-0.00705075
-0.00713614
-0.0072234
-0.00731457
-0.00740401
-0.00749302
-0.00758037
-0.00766616
-0.00775445
-0.00784024
-0.00793005
-0.00801895
-0.00810908
-0.00820301
-0.00829196
-0.0083855
-0.00847512
-0.00856393
-0.00865675
-0.00874429
-0.00883909
-0.00893149
-0.00902202
-0.00911492
-0.00920158
-0.00929274
-0.00938247
-0.00946992
-0.00955892
-0.00964167
-0.00972206
-0.00979719
-0.00986107
-0.00324662
-0.00257426
-0.00173541
-0.000952275
-0.000332313
8.64238e-05
0.00029787
0.000322879
0.000202138
-1.63588e-05
-0.000288473
-0.000579687
-0.00086621
-0.00113337
-0.00137325
-0.00158272
-0.001763
-0.0019191
-0.00205754
-0.00218559
-0.00230865
-0.00243188
-0.0025578
-0.00268812
-0.00282343
-0.00296328
-0.0031072
-0.00325397
-0.0034017
-0.0035481
-0.00369066
-0.0038276
-0.0039591
-0.00408332
-0.00419975
-0.00430831
-0.00441079
-0.00450719
-0.00459731
-0.00468196
-0.00476251
-0.00483988
-0.00491555
-0.00499161
-0.00506723
-0.00514375
-0.00522234
-0.00530363
-0.00538811
-0.00547795
-0.00557067
-0.00566388
-0.00575577
-0.00584601
-0.00593443
-0.0060174
-0.00609702
-0.00617728
-0.00625984
-0.00634288
-0.00642979
-0.00652234
-0.00661455
-0.00670391
-0.00678918
-0.00687303
-0.00695568
-0.00703905
-0.007126
-0.00721459
-0.00730596
-0.00739488
-0.00748346
-0.00757098
-0.00765766
-0.00774713
-0.00783335
-0.00792322
-0.00801192
-0.00810151
-0.00819575
-0.00828501
-0.00837915
-0.00846939
-0.00855788
-0.00865084
-0.00873785
-0.00883268
-0.00892585
-0.00901594
-0.00910931
-0.00919578
-0.00928697
-0.00937764
-0.00946445
-0.00955393
-0.00963709
-0.00971726
-0.00979345
-0.00985771
-0.00339576
-0.00272089
-0.00187856
-0.00109112
-0.000465992
-4.12634e-05
0.000176783
0.000208551
9.45263e-05
-0.000117197
-0.000382269
-0.000665925
-0.000944274
-0.00120265
-0.00143333
-0.00163368
-0.00180483
-0.00195175
-0.0020806
-0.00219862
-0.00231152
-0.00242441
-0.00254047
-0.00266128
-0.00278759
-0.00291902
-0.00305491
-0.00319435
-0.00333574
-0.00347714
-0.00361635
-0.0037511
-0.00388137
-0.00400612
-0.00412476
-0.00423662
-0.00434277
-0.00444361
-0.00453926
-0.00462973
-0.00471558
-0.00479749
-0.00487662
-0.00495548
-0.005034
-0.00511242
-0.00519236
-0.00527547
-0.00536168
-0.00545286
-0.00554701
-0.00564179
-0.00573491
-0.00582492
-0.0059129
-0.00599678
-0.00607666
-0.00615682
-0.00624151
-0.00632777
-0.00641632
-0.00650934
-0.00660205
-0.0066913
-0.00677541
-0.00685872
-0.00694239
-0.00702733
-0.00711594
-0.00720567
-0.00729721
-0.00738546
-0.00747338
-0.00756119
-0.00764889
-0.00773973
-0.00782653
-0.00791621
-0.0080047
-0.00809387
-0.0081882
-0.00827793
-0.00837264
-0.00846354
-0.00855176
-0.00864471
-0.00873154
-0.00882613
-0.00891996
-0.0090097
-0.0091035
-0.00919019
-0.00928109
-0.00937278
-0.00945889
-0.00954858
-0.00963253
-0.00971237
-0.00978945
-0.00985414
-0.00353675
-0.00285935
-0.00201369
-0.00122232
-0.00059257
-0.000162508
6.15234e-05
9.95832e-05
-8.16202e-06
-0.000213665
-0.000472356
-0.000749201
-0.0010201
-0.00127042
-0.00149256
-0.00168428
-0.00184688
-0.00198524
-0.00210549
-0.0022145
-0.00231816
-0.00242146
-0.00252806
-0.00263993
-0.00275788
-0.00288163
-0.0030102
-0.00314273
-0.00327797
-0.00341422
-0.00354969
-0.00368203
-0.00381083
-0.00393532
-0.00405518
-0.0041695
-0.00427865
-0.004383
-0.00448292
-0.00457818
-0.00466847
-0.00475431
-0.00483667
-0.00491798
-0.00499902
-0.00507972
-0.0051614
-0.00524677
-0.00533535
-0.00542808
-0.00552377
-0.00561988
-0.00571389
-0.00580376
-0.00589053
-0.00597464
-0.00605556
-0.00613614
-0.0062228
-0.00631269
-0.00640335
-0.00649659
-0.00658886
-0.00667774
-0.00676131
-0.00684407
-0.00692897
-0.00701588
-0.00710625
-0.0071967
-0.00728795
-0.00737566
-0.00746278
-0.00755121
-0.00764016
-0.00773214
-0.00781968
-0.00790898
-0.00799733
-0.00808636
-0.00818059
-0.00827085
-0.00836569
-0.00845726
-0.00854577
-0.00863863
-0.00872555
-0.00881946
-0.00891386
-0.00900348
-0.00909748
-0.00918483
-0.00927518
-0.00936785
-0.00945349
-0.00954285
-0.00962791
-0.00970768
-0.00978535
-0.00985026
-0.00366891
-0.0029889
-0.00214003
-0.00134503
-0.000711194
-0.0002765
-4.72553e-05
-3.56526e-06
-0.000105537
-0.000305278
-0.000558121
-0.000828827
-0.00109309
-0.00133624
-0.00155076
-0.00173457
-0.00188929
-0.00201974
-0.00213205
-0.00223274
-0.00232781
-0.00242237
-0.00252036
-0.00262415
-0.00273445
-0.00285099
-0.00297276
-0.00309883
-0.0032283
-0.00335961
-0.00349131
-0.00362102
-0.003748
-0.00387164
-0.00399191
-0.00410795
-0.0042194
-0.00432636
-0.00442928
-0.00452815
-0.00462215
-0.00471136
-0.00479657
-0.00487998
-0.0049631
-0.00504631
-0.00513038
-0.00521806
-0.00530938
-0.00540406
-0.00550127
-0.00559848
-0.00569274
-0.00578232
-0.00586777
-0.00595146
-0.00603397
-0.00611628
-0.00620447
-0.0062975
-0.00639058
-0.0064839
-0.00657532
-0.00666336
-0.00674702
-0.00682967
-0.00691574
-0.0070047
-0.00709661
-0.00718754
-0.00727804
-0.00736559
-0.0074522
-0.00754107
-0.00763147
-0.00772426
-0.00781265
-0.00790165
-0.00798987
-0.0080791
-0.0081729
-0.00826362
-0.00835851
-0.00845075
-0.00853994
-0.00863245
-0.00871977
-0.00881289
-0.00890749
-0.00899718
-0.00909126
-0.00917992
-0.00926958
-0.00936273
-0.00944827
-0.00953704
-0.00962331
-0.00970324
-0.0097813
-0.00984704
-0.0037917
-0.00310907
-0.0022572
-0.00145893
-0.000821497
-0.00038273
-0.000148877
-0.00010015
-0.000196869
-0.000391352
-0.000638901
-0.000904128
-0.00116252
-0.00139937
-0.00160725
-0.00178412
-0.00193171
-0.00205485
-0.00215972
-0.00225289
-0.00234038
-0.00242735
-0.00251768
-0.0026139
-0.00271693
-0.00282663
-0.00294217
-0.00306245
-0.00318667
-0.00331334
-0.00344114
-0.00356796
-0.003693
-0.0038157
-0.00393593
-0.00405295
-0.00416595
-0.0042748
-0.00437981
-0.00448109
-0.00457771
-0.00466943
-0.00475695
-0.00484224
-0.00492719
-0.00501288
-0.00509989
-0.00519028
-0.00528457
-0.00538163
-0.00547996
-0.00557766
-0.00567177
-0.0057607
-0.00584525
-0.00592859
-0.00601256
-0.0060975
-0.00618733
-0.00628288
-0.00637826
-0.00647137
-0.00656159
-0.00664833
-0.00673247
-0.00681595
-0.00690321
-0.006994
-0.00708716
-0.00717835
-0.00726771
-0.00735512
-0.00744169
-0.00753106
-0.00762276
-0.00771613
-0.00780527
-0.00789415
-0.0079825
-0.00807183
-0.00816498
-0.00825624
-0.00835075
-0.00844359
-0.00853378
-0.00862589
-0.00871412
-0.00880609
-0.00890039
-0.00899066
-0.00908456
-0.00917485
-0.00926382
-0.00935685
-0.0094428
-0.0095308
-0.00961803
-0.00969852
-0.00977653
-0.00984197
-0.00390441
-0.0032192
-0.00236449
-0.00156329
-0.000922684
-0.000480384
-0.000242502
-0.000189425
-0.000281572
-0.000471488
-0.000714394
-0.00097482
-0.00122807
-0.00145943
-0.00166153
-0.00183234
-0.00197362
-0.00209019
-0.00218842
-0.00227497
-0.00235585
-0.00243603
-0.00251935
-0.0026085
-0.00270489
-0.00280842
-0.00291832
-0.00303326
-0.00315247
-0.00327465
-0.00339872
-0.00352286
-0.00364607
-0.00376768
-0.00388744
-0.00400487
-0.00411897
-0.00422923
-0.00433545
-0.00443786
-0.00453579
-0.00462904
-0.00471813
-0.004805
-0.00489183
-0.00498019
-0.00507069
-0.00516428
-0.00526169
-0.00536115
-0.00546045
-0.00555787
-0.0056513
-0.00573926
-0.0058232
-0.00590694
-0.00599234
-0.00608079
-0.00617281
-0.0062698
-0.00636657
-0.00645907
-0.0065483
-0.00663407
-0.00671908
-0.00680423
-0.00689302
-0.006985
-0.00707879
-0.00717019
-0.00725821
-0.00734581
-0.00743288
-0.00752274
-0.0076154
-0.00770878
-0.00779895
-0.00788776
-0.00797648
-0.00806642
-0.00815842
-0.00825021
-0.00834377
-0.00843696
-0.00852895
-0.00862048
-0.00870998
-0.00880072
-0.00889399
-0.00898521
-0.00907867
-0.00917088
-0.00925961
-0.00935157
-0.0094382
-0.00952575
-0.0096136
-0.00969494
-0.00977296
-0.00983887
-0.00400676
-0.00331918
-0.00246186
-0.00165807
-0.00101469
-0.000569348
-0.000327997
-0.000271181
-0.000359443
-0.000545443
-0.000784384
-0.00104064
-0.00128947
-0.00151608
-0.00171331
-0.00187905
-0.00201514
-0.0021262
-0.00221873
-0.00229942
-0.00237445
-0.00244868
-0.00252598
-0.00260902
-0.00269936
-0.00279703
-0.00290146
-0.00301146
-0.00312623
-0.00324444
-0.00336496
-0.0034864
-0.00360775
-0.00372831
-0.00384744
-0.00396475
-0.00407909
-0.00418982
-0.00429608
-0.00439829
-0.00449622
-0.00458999
-0.00468008
-0.00476815
-0.00485687
-0.00494781
-0.00504204
-0.00513903
-0.00523917
-0.00534038
-0.00544005
-0.0055364
-0.00562842
-0.00571579
-0.00579951
-0.00588466
-0.00597185
-0.00606344
-0.00615791
-0.00625509
-0.00635224
-0.00644433
-0.00653299
-0.00661827
-0.00670438
-0.00679149
-0.00688186
-0.00697441
-0.00706787
-0.00715986
-0.00724701
-0.00733489
-0.00742308
-0.00751307
-0.00760642
-0.00769931
-0.00779051
-0.00788003
-0.0079691
-0.00806024
-0.00815065
-0.00824254
-0.00833541
-0.0084284
-0.00852293
-0.00861392
-0.00870489
-0.00879501
-0.00888606
-0.00897843
-0.00907156
-0.00916554
-0.00925488
-0.00934511
-0.00943251
-0.00952018
-0.00960814
-0.00969056
-0.00976811
-0.00983288
-0.00409614
-0.00340711
-0.00254804
-0.00174234
-0.00109688
-0.000649128
-0.00040504
-0.000345232
-0.000430443
-0.00061336
-0.000849173
-0.00110211
-0.0013474
-0.00157029
-0.00176371
-0.00192557
-0.0020576
-0.00216429
-0.00225209
-0.00232793
-0.00239815
-0.00246764
-0.00254012
-0.00261803
-0.00270311
-0.00279568
-0.00289553
-0.00300145
-0.00311239
-0.00322709
-0.00334459
-0.003464
-0.00358405
-0.00370391
-0.0038224
-0.00393926
-0.00405326
-0.00416372
-0.00426935
-0.00437039
-0.00446741
-0.00456086
-0.00465175
-0.00474105
-0.00483189
-0.00492562
-0.0050233
-0.00512328
-0.00522511
-0.00532706
-0.00542634
-0.00552138
-0.00561155
-0.00569877
-0.00578311
-0.00586975
-0.00595904
-0.00605263
-0.00614904
-0.00624598
-0.0063425
-0.00643424
-0.00652254
-0.00660779
-0.00669499
-0.00678359
-0.00687503
-0.00696796
-0.00706037
-0.00715289
-0.0072401
-0.00732777
-0.00741724
-0.00750721
-0.00760051
-0.00769269
-0.00778433
-0.00787497
-0.00796435
-0.00805651
-0.00814583
-0.00823736
-0.00832948
-0.0084219
-0.00851865
-0.00860951
-0.00870168
-0.00879163
-0.00888019
-0.00897331
-0.00906617
-0.00916145
-0.00925233
-0.00934046
-0.00942798
-0.00951625
-0.00960387
-0.0096874
-0.00976487
-0.00982901
-0.00416561
-0.00347453
-0.00261338
-0.00180572
-0.00115832
-0.000708493
-0.000462092
-0.000399843
-0.000482567
-0.000663039
-0.000896321
-0.00114658
-0.00138897
-0.00160882
-0.00179911
-0.00195781
-0.00208656
-0.00218966
-0.00227361
-0.0023453
-0.0024114
-0.00247676
-0.00254516
-0.00261874
-0.00269936
-0.00278756
-0.00288346
-0.00298604
-0.00309406
-0.0032064
-0.00332193
-0.00344013
-0.00355944
-0.00367901
-0.00379709
-0.00391327
-0.00402643
-0.00413589
-0.00424047
-0.00433991
-0.00443566
-0.00452857
-0.00462029
-0.00471118
-0.00480414
-0.00490056
-0.00500104
-0.0051036
-0.00520668
-0.00530911
-0.00540818
-0.0055026
-0.00559169
-0.00567905
-0.00576482
-0.00585283
-0.00594416
-0.00603926
-0.00613696
-0.0062342
-0.00632989
-0.00642145
-0.00651002
-0.0065956
-0.0066838
-0.00677373
-0.006866
-0.00695985
-0.00705156
-0.00714403
-0.00723223
-0.00731962
-0.00741005
-0.00750038
-0.00759348
-0.00768523
-0.00777692
-0.00786857
-0.00795852
-0.00805198
-0.00814067
-0.00823194
-0.00832342
-0.00841484
-0.00851386
-0.00860439
-0.00869757
-0.00878839
-0.0088745
-0.00896808
-0.00906073
-0.00915647
-0.00924951
-0.00933622
-0.00942314
-0.00951242
-0.00959945
-0.00968387
-0.00976183
-0.00982554
-0.00424397
-0.00355247
-0.00269064
-0.00188217
-0.00123377
-0.000782695
-0.00053477
-0.000470835
-0.000551821
-0.000730561
-0.000962071
-0.00121041
-0.00145074
-0.00166835
-0.00185636
-0.00201265
-0.00213888
-0.00223918
-0.00232006
-0.00238834
-0.00245088
-0.00251258
-0.00257727
-0.00264702
-0.00272362
-0.0028079
-0.00290012
-0.00299962
-0.00310492
-0.00321494
-0.00332844
-0.00344502
-0.00356308
-0.00368154
-0.00379845
-0.00391306
-0.00402449
-0.00413199
-0.0042347
-0.00433206
-0.00442583
-0.00451719
-0.0046081
-0.00469889
-0.00479203
-0.00488916
-0.00499052
-0.00509406
-0.00519758
-0.00529999
-0.00539871
-0.0054926
-0.00558112
-0.00566819
-0.00575463
-0.00584338
-0.00593566
-0.0060316
-0.00612971
-0.00622707
-0.00632236
-0.00641358
-0.0065022
-0.00658788
-0.00667627
-0.00676693
-0.00685942
-0.00695363
-0.00704521
-0.00713719
-0.00722616
-0.00731342
-0.00740409
-0.00749481
-0.0075875
-0.00767899
-0.00777022
-0.00786264
-0.00795288
-0.00804704
-0.00813583
-0.00822661
-0.0083183
-0.00840843
-0.00850844
-0.0085995
-0.00869266
-0.00878485
-0.00886952
-0.00896285
-0.00905561
-0.00915094
-0.00924569
-0.00933213
-0.00941805
-0.009508
-0.00959473
-0.00967896
-0.00975694
-0.00981921
)
;

boundaryField
{
    zeroGradientPlanes
    {
        type            zeroGradient;
    }
    inlet
    {
        type            zeroGradient;
    }
    plate
    {
        type            zeroGradient;
    }
    frontAndBack
    {
        type            empty;
    }
}


// ************************************************************************* //
