/*--------------------------------*- C++ -*----------------------------------*\
| =========                 |                                                 |
| \\      /  F ield         | OpenFOAM: The Open Source CFD Toolbox           |
|  \\    /   O peration     | Version:  v2106                                 |
|   \\  /    A nd           | Website:  www.openfoam.com                      |
|    \\/     M anipulation  |                                                 |
\*---------------------------------------------------------------------------*/
FoamFile
{
    version     2.0;
    format      ascii;
    arch        "LSB;label=32;scalar=64";
    class       volScalarField;
    location    "1.7";
    object      p;
}
// * * * * * * * * * * * * * * * * * * * * * * * * * * * * * * * * * * * * * //

dimensions      [0 2 -2 0 0 0 0];

internalField   nonuniform List<scalar> 
4800
(
-1.34481e-10
6.97172e-05
-1.14015e-05
-8.47206e-05
-0.000136906
-0.000217296
-0.00027275
-0.000304623
-0.000343164
-0.000371516
-0.00032774
-0.000214365
-9.02024e-05
7.01344e-05
0.000288883
0.000603437
0.00101733
0.00155948
0.00222086
0.00292023
1.25404e-05
6.37287e-05
-9.33417e-06
-8.66674e-05
-0.00013202
-0.00021988
-0.000267653
-0.000304962
-0.000337208
-0.00037281
-0.000315474
-0.000216644
-8.28112e-05
6.64876e-05
0.000295
0.000595062
0.00102564
0.00150729
0.00200784
0.00253301
1.36867e-05
6.23802e-05
-8.61062e-06
-8.74536e-05
-0.000130548
-0.000220719
-0.000265709
-0.000303948
-0.000336051
-0.000370402
-0.000314127
-0.000214806
-8.17197e-05
6.55347e-05
0.000292642
0.000575618
0.000962119
0.00138801
0.00182561
0.00226581
2.73792e-05
5.72271e-05
-7.38387e-06
-8.79581e-05
-0.000128144
-0.000220384
-0.000264998
-0.000300973
-0.000337169
-0.000364011
-0.000310927
-0.000210655
-7.74447e-05
6.70728e-05
0.000280828
0.000548911
0.000894138
0.00127646
0.00163218
0.00198823
3.72157e-05
5.56012e-05
-6.82052e-06
-8.75386e-05
-0.000127454
-0.000218882
-0.000265697
-0.000296022
-0.000336971
-0.000359669
-0.000304582
-0.000206751
-7.53311e-05
6.45646e-05
0.000262435
0.000511826
0.00081372
0.00111625
0.00138462
0.00171803
4.8478e-05
5.3586e-05
-7.6169e-06
-8.58159e-05
-0.000128162
-0.000215213
-0.000267061
-0.000291207
-0.000334866
-0.00035336
-0.000299018
-0.000203175
-7.54464e-05
5.88054e-05
0.000236269
0.000457067
0.000674761
0.000902786
0.00116546
0.00148943
5.94952e-05
5.41666e-05
-9.29383e-06
-8.35416e-05
-0.000128595
-0.000212428
-0.000264625
-0.000287241
-0.00033204
-0.000347959
-0.000294002
-0.000201202
-7.81201e-05
4.55822e-05
0.000191756
0.000336144
0.000497068
0.000723722
0.000985961
0.00129042
7.02617e-05
5.76056e-05
-1.38256e-05
-8.1867e-05
-0.000127535
-0.000209411
-0.000261483
-0.000283156
-0.000327979
-0.000343877
-0.000289319
-0.000201575
-8.62385e-05
9.5036e-06
7.88421e-05
0.000197878
0.000367036
0.000579767
0.000815635
0.00109073
7.98743e-05
6.35179e-05
-1.41086e-05
-8.35076e-05
-0.000126691
-0.000204183
-0.00025733
-0.000279153
-0.000324244
-0.000340794
-0.000286689
-0.000209527
-0.000118943
-8.00576e-05
-3.05149e-05
9.93335e-05
0.000262055
0.000437209
0.000635256
0.000882655
9.21081e-05
6.99156e-05
-1.10807e-05
-8.38188e-05
-0.000127345
-0.000197367
-0.000251419
-0.00027649
-0.000322079
-0.000338822
-0.000289394
-0.000236381
-0.00021067
-0.000171007
-0.000102883
1.7466e-05
0.000152214
0.000286548
0.000445583
0.000667441
9.79868e-05
7.76853e-05
-5.07476e-06
-8.06435e-05
-0.000128187
-0.000191814
-0.000246522
-0.000275155
-0.000321577
-0.000341855
-0.000314391
-0.000318191
-0.000283326
-0.000221686
-0.000161853
-7.40747e-05
2.8583e-05
0.000126744
0.000249487
0.000448197
0.000107626
8.63754e-05
3.96557e-06
-7.37387e-05
-0.000124673
-0.00018951
-0.000245401
-0.000277492
-0.00032708
-0.00037063
-0.000389153
-0.000370416
-0.000322468
-0.000268765
-0.000231561
-0.000179263
-0.000109506
-4.1531e-05
5.04558e-05
0.000227625
0.000116228
9.75853e-05
1.55166e-05
-6.10918e-05
-0.000115977
-0.00018927
-0.000253599
-0.000290558
-0.000353842
-0.00043434
-0.000430494
-0.000397061
-0.00036297
-0.000329125
-0.00031466
-0.0002952
-0.000257405
-0.000215794
-0.00014948
8.60445e-06
0.000124858
0.000108103
3.21657e-05
-4.44466e-05
-0.000100848
-0.000189295
-0.000274111
-0.000341217
-0.000410538
-0.000459137
-0.000448742
-0.000427051
-0.000414126
-0.000403006
-0.000408541
-0.000417438
-0.000411163
-0.000395034
-0.000349539
-0.000207824
0.000137499
0.000116899
5.06473e-05
-2.55672e-05
-8.78679e-05
-0.000195213
-0.000319471
-0.000393781
-0.00044522
-0.000482703
-0.000477626
-0.00046758
-0.000474467
-0.000485777
-0.000510712
-0.000544946
-0.000569076
-0.000577973
-0.000550285
-0.000421932
0.000152681
0.000129866
6.89218e-05
-8.94859e-06
-8.83054e-05
-0.000216342
-0.000351287
-0.000427082
-0.000481071
-0.000519734
-0.000519303
-0.00051686
-0.000540239
-0.00057449
-0.000620318
-0.000678056
-0.00073052
-0.000763277
-0.000751562
-0.000633755
0.000172495
0.000149006
8.29953e-05
9.64715e-07
-9.73844e-05
-0.00024779
-0.000383093
-0.000459992
-0.000516888
-0.000559536
-0.00056682
-0.000573092
-0.000611556
-0.000668965
-0.000737452
-0.000817433
-0.000894831
-0.00094981
-0.000953017
-0.000844016
0.000196678
0.000171656
9.44409e-05
-2.02669e-06
-0.000115973
-0.000276381
-0.000413879
-0.000491816
-0.000551994
-0.000601841
-0.000620264
-0.000637272
-0.000690112
-0.000769984
-0.000862036
-0.000963049
-0.00106199
-0.00113723
-0.00115477
-0.00105376
0.000224272
0.000198085
0.000105591
-1.88915e-05
-0.000145899
-0.000300941
-0.000439395
-0.000524496
-0.000589896
-0.000648165
-0.000680416
-0.000710293
-0.000777055
-0.00087768
-0.000992762
-0.00111378
-0.00123163
-0.0013251
-0.00135642
-0.00126287
0.000254211
0.000223846
0.000114301
-3.74911e-05
-0.000179993
-0.000330862
-0.000467415
-0.00055823
-0.000630698
-0.000698632
-0.000746447
-0.000791277
-0.00087194
-0.000991357
-0.00112828
-0.00126894
-0.00140422
-0.0015138
-0.0015577
-0.0014709
0.000285426
0.000247974
0.000118933
-5.44757e-05
-0.000214325
-0.000366742
-0.000500472
-0.000595771
-0.000675331
-0.000753523
-0.000817694
-0.000879389
-0.000974444
-0.00111085
-0.00126827
-0.00142844
-0.00158004
-0.00170318
-0.00175745
-0.00167637
0.000315431
0.000269568
0.000123467
-6.99815e-05
-0.000248247
-0.000405885
-0.000539623
-0.000639277
-0.000725699
-0.000813686
-0.000893998
-0.000973818
-0.00108406
-0.00123608
-0.0014124
-0.00159141
-0.00175802
-0.00189224
-0.00195449
-0.00187816
0.000343152
0.000288513
0.000127856
-8.40515e-05
-0.000281465
-0.00044842
-0.000584913
-0.000689498
-0.000782424
-0.00087968
-0.000975431
-0.00107385
-0.00120009
-0.00136693
-0.00156031
-0.00175662
-0.00193704
-0.00208073
-0.00214916
-0.00207644
0.000368364
0.000305097
0.00013137
-9.71741e-05
-0.000314608
-0.000494017
-0.000635651
-0.00074618
-0.000846006
-0.000952137
-0.00106254
-0.00117922
-0.00132169
-0.00150252
-0.00171086
-0.00192259
-0.00211602
-0.00226846
-0.00234189
-0.00227146
0.000390757
0.000318726
0.000133285
-0.000110231
-0.000347624
-0.000542043
-0.000691331
-0.000809042
-0.00091661
-0.00103156
-0.00115556
-0.00128955
-0.00144796
-0.00164197
-0.00186316
-0.00208844
-0.00229405
-0.00245474
-0.00253231
-0.00246302
0.000410165
0.000329766
0.000132572
-0.000124411
-0.000379968
-0.000591903
-0.000751738
-0.000877734
-0.000993699
-0.00111769
-0.00125429
-0.00140451
-0.00157829
-0.0017846
-0.00201672
-0.00225354
-0.00247009
-0.00263844
-0.00271952
-0.00265062
0.000426289
0.000337634
0.00012893
-0.000140784
-0.000413645
-0.000643019
-0.000815934
-0.000951909
-0.00107667
-0.00120988
-0.00135839
-0.00152362
-0.00171188
-0.00192927
-0.00217067
-0.00241705
-0.00264314
-0.00281866
-0.002903
-0.00283414
0.000438776
0.000342398
0.000122201
-0.000160147
-0.000449023
-0.000695395
-0.000882676
-0.00103071
-0.00116502
-0.00130736
-0.00146721
-0.00164622
-0.0018478
-0.00207513
-0.00232424
-0.00257824
-0.00281227
-0.00299438
-0.00308198
-0.00301303
0.000446862
0.000343584
0.000112422
-0.000182645
-0.000486727
-0.000749393
-0.00095167
-0.00111311
-0.00125783
-0.00140904
-0.00157936
-0.00177111
-0.00198513
-0.0022216
-0.00247709
-0.00273686
-0.00297695
-0.00316461
-0.00325543
-0.0031865
0.000450972
0.000341207
9.92712e-05
-0.000208561
-0.000526951
-0.000804986
-0.00102256
-0.00119837
-0.00135428
-0.00151422
-0.00169379
-0.00189684
-0.00212235
-0.00236746
-0.00262848
-0.00289255
-0.00313695
-0.00332874
-0.00342239
-0.00335371
0.000450664
0.000334894
8.28399e-05
-0.000237823
-0.000570049
-0.000862315
-0.0010946
-0.00128518
-0.00145312
-0.00162207
-0.00181006
-0.00202251
-0.00225791
-0.00251102
-0.00277706
-0.00304441
-0.00329174
-0.00348622
-0.00358189
-0.00351358
0.000445908
0.000324536
6.31853e-05
-0.000269967
-0.000615706
-0.000921764
-0.00116803
-0.00137227
-0.00155242
-0.00173079
-0.00192693
-0.00214724
-0.00239057
-0.00265079
-0.00292156
-0.00319161
-0.00344081
-0.00363678
-0.00373347
-0.00366525
0.000436828
0.000310349
4.01609e-05
-0.000305005
-0.000663098
-0.00098236
-0.00124246
-0.00145934
-0.00165101
-0.00183879
-0.0020426
-0.0022697
-0.00251931
-0.00278534
-0.00306044
-0.00333286
-0.00358323
-0.00377986
-0.00387674
-0.00380818
0.000423439
0.000292549
1.45168e-05
-0.000342486
-0.000712134
-0.00104306
-0.0013164
-0.0015453
-0.00174774
-0.00194449
-0.0021553
-0.00238828
-0.00264303
-0.00291366
-0.00319244
-0.00346697
-0.00371806
-0.00391476
-0.00401128
-0.00394193
0.000406544
0.000271326
-1.36016e-05
-0.000380796
-0.000761687
-0.00110381
-0.00138882
-0.00162846
-0.00184091
-0.00204623
-0.00226358
-0.00250151
-0.00276041
-0.00303469
-0.00331641
-0.00359275
-0.00384425
-0.00404061
-0.00413638
-0.00406599
0.000386847
0.000248082
-4.36296e-05
-0.000419625
-0.000809651
-0.00116281
-0.00145906
-0.00170754
-0.00192877
-0.00214231
-0.00236589
-0.00260803
-0.00287011
-0.00314722
-0.00343122
-0.00370901
-0.00396075
-0.00415652
-0.00425133
-0.00417978
0.000365038
0.000223491
-7.35713e-05
-0.000457783
-0.000855259
-0.00121715
-0.00152463
-0.00178137
-0.00200979
-0.0022308
-0.00246018
-0.00270602
-0.00297042
-0.00324969
-0.00353546
-0.00381439
-0.00406629
-0.00426151
-0.00435543
-0.00428283
0.000342738
0.000198483
-0.000102242
-0.000492529
-0.000896662
-0.00126611
-0.00158293
-0.00184716
-0.00208154
-0.00230862
-0.00254314
-0.0027922
-0.00305832
-0.00333922
-0.00362635
-0.0039061
-0.00415792
-0.00435247
-0.00444556
-0.00437227
0.000322276
0.000176734
-0.000127637
-0.000522947
-0.000931685
-0.00130694
-0.00163105
-0.00190086
-0.00214003
-0.00237174
-0.00261021
-0.00286183
-0.00312899
-0.0034109
-0.00369897
-0.00397925
-0.0042309
-0.00442474
-0.00451689
-0.00444252
0.000303958
0.000155461
-0.000152548
-0.000552708
-0.000965824
-0.0013464
-0.00167828
-0.00195386
-0.00219735
-0.00243416
-0.00267685
-0.00293159
-0.00320062
-0.00348405
-0.00377366
-0.00405513
-0.00430754
-0.00450171
-0.00459411
-0.00451997
0.00366834
0.00379167
0.00360426
0.00344351
0.00334304
0.00323785
0.00306765
0.00281168
0.00248464
0.00211897
0.00174932
0.00139544
0.0010547
0.000712504
0.000360005
-5.77868e-06
-0.000391741
-0.00080696
-0.00126473
-0.00177579
-0.0023452
-0.00298111
-0.00368563
-0.0044448
-0.005219
-0.0059419
-0.00653242
-0.00691153
-0.00703844
-0.00693165
-0.00666519
-0.00632712
-0.00598576
-0.00568131
-0.00543067
-0.00524197
-0.00511542
-0.00504444
-0.00501575
-0.0050177
-0.00504454
-0.00509113
-0.00515001
-0.00521312
-0.00528046
-0.00535033
-0.00542312
-0.00549699
-0.00557127
-0.00564342
-0.00571554
-0.0057886
-0.00586069
-0.00593394
-0.00600664
-0.00607993
-0.00615303
-0.00622719
-0.0063004
-0.00637306
-0.00644631
-0.0065188
-0.0065926
-0.00666321
-0.00673628
-0.00681017
-0.00688542
-0.00696198
-0.00703763
-0.00711535
-0.00718964
-0.0072669
-0.00734305
-0.00742011
-0.00750128
-0.00757963
-0.00766419
-0.00774373
-0.00782615
-0.00790818
-0.00798864
-0.0080748
-0.00815674
-0.00824448
-0.00832994
-0.00841396
-0.00850135
-0.00858547
-0.00867138
-0.00875784
-0.00884423
-0.00892887
-0.00901262
-0.00909742
-0.00917931
-0.00925831
-0.00933218
-0.00940825
-0.00946559
-0.00951689
0.00305414
0.00340744
0.00349577
0.00342927
0.00332697
0.00320525
0.00303037
0.00277847
0.00245656
0.00209371
0.00172489
0.0013714
0.0010314
0.000690002
0.000338114
-2.67669e-05
-0.000411501
-0.000825091
-0.00128058
-0.00178864
-0.00235375
-0.00298361
-0.00368029
-0.00442846
-0.00519017
-0.00590179
-0.00648704
-0.00687079
-0.00700692
-0.00690884
-0.0066487
-0.00631465
-0.00597527
-0.00567269
-0.00542356
-0.00523592
-0.00511005
-0.00503958
-0.00501125
-0.00501348
-0.00504055
-0.00508735
-0.00514644
-0.00520974
-0.00527729
-0.00534734
-0.00542032
-0.00549437
-0.00556883
-0.00564115
-0.00571343
-0.00578665
-0.00585887
-0.00593225
-0.00600505
-0.00607845
-0.00615163
-0.0062259
-0.00629918
-0.0063719
-0.00644522
-0.00651776
-0.00659164
-0.00666228
-0.0067354
-0.00680933
-0.00688461
-0.00696121
-0.00703687
-0.00711464
-0.00718894
-0.00726624
-0.00734241
-0.00741948
-0.00750069
-0.00757904
-0.00766363
-0.00774318
-0.00782562
-0.00790768
-0.00798814
-0.00807434
-0.00815627
-0.00824405
-0.00832952
-0.00841355
-0.00850096
-0.00858509
-0.00867102
-0.0087575
-0.0088439
-0.00892856
-0.00901232
-0.00909714
-0.00917903
-0.00925806
-0.00933192
-0.00940804
-0.00946537
-0.00951668
0.00272044
0.00317196
0.00343376
0.00346479
0.003366
0.00321408
0.00301608
0.00275601
0.0024334
0.0020703
0.00169979
0.00134432
0.00100308
0.000661058
0.000308618
-5.62916e-05
-0.000440006
-0.000851955
-0.00130463
-0.00180833
-0.00236672
-0.00298623
-0.00366837
-0.00439472
-0.00512868
-0.00581255
-0.00637844
-0.0067582
-0.00690882
-0.00683744
-0.00660328
-0.0062876
-0.00595932
-0.00566318
-0.00541948
-0.00523601
-0.00511235
-0.00504248
-0.00501399
-0.00501579
-0.0050423
-0.00508847
-0.00514697
-0.00520977
-0.00527695
-0.00534671
-0.00541941
-0.00549322
-0.00556752
-0.00563972
-0.00571193
-0.00578512
-0.0058573
-0.00593069
-0.00600351
-0.00607693
-0.00615014
-0.00622444
-0.00629776
-0.00637052
-0.00644389
-0.00651647
-0.00659042
-0.00666113
-0.00673434
-0.00680835
-0.00688369
-0.00696035
-0.00703603
-0.00711385
-0.00718816
-0.00726552
-0.00734174
-0.00741886
-0.00750014
-0.00757849
-0.00766312
-0.00774266
-0.00782512
-0.00790722
-0.00798769
-0.00807395
-0.00815587
-0.00824367
-0.00832915
-0.00841319
-0.00850063
-0.00858477
-0.00867071
-0.00875721
-0.00884361
-0.00892829
-0.00901206
-0.0090969
-0.0091788
-0.00925786
-0.00933172
-0.0094079
-0.00946539
-0.00951668
0.00242739
0.00293319
0.00330135
0.00342442
0.00336046
0.00320158
0.00298607
0.00271597
0.00239163
0.00202951
0.00165952
0.00130418
0.000963117
0.000621452
0.000269066
-9.53742e-05
-0.000477456
-0.000886938
-0.00133552
-0.00183312
-0.00238244
-0.00298768
-0.00364971
-0.0043501
-0.00505248
-0.00570529
-0.00624884
-0.00662349
-0.00679
-0.00674894
-0.00654582
-0.00625331
-0.00593947
-0.00565186
-0.00541376
-0.00523406
-0.00511234
-0.00504295
-0.00501424
-0.00501563
-0.00504163
-0.00508714
-0.00514501
-0.00520735
-0.00527426
-0.00534385
-0.0054164
-0.00549005
-0.00556426
-0.00563647
-0.00570874
-0.00578202
-0.0058543
-0.00592781
-0.00600076
-0.00607432
-0.00614764
-0.00622205
-0.00629549
-0.00636836
-0.00644182
-0.00651447
-0.00658852
-0.00665937
-0.00673274
-0.00680689
-0.00688236
-0.0069591
-0.00703483
-0.00711268
-0.00718701
-0.00726442
-0.00734071
-0.00741794
-0.00749931
-0.00757771
-0.00766235
-0.00774186
-0.00782432
-0.00790647
-0.00798699
-0.00807332
-0.00815525
-0.00824306
-0.00832853
-0.00841258
-0.00850005
-0.00858421
-0.00867017
-0.00875668
-0.0088431
-0.00892781
-0.00901158
-0.00909645
-0.00917837
-0.00925746
-0.00933138
-0.0094076
-0.00946548
-0.00951676
0.00216727
0.00270436
0.00314612
0.00335068
0.00333858
0.00319055
0.00296698
0.00268697
0.00235679
0.00199158
0.00161975
0.00126393
0.000923056
0.000581687
0.000229411
-0.000134382
-0.000514837
-0.000921692
-0.00136546
-0.00185574
-0.00239463
-0.00298347
-0.00362233
-0.00429423
-0.00496492
-0.00558755
-0.0061096
-0.00647908
-0.00666021
-0.00664871
-0.00647858
-0.00621266
-0.00591619
-0.00563876
-0.0054064
-0.00523016
-0.00511043
-0.00504189
-0.0050134
-0.00501478
-0.0050405
-0.00508549
-0.00514276
-0.00520469
-0.00527135
-0.00534076
-0.00541314
-0.00548656
-0.00556059
-0.00563277
-0.00570507
-0.00577839
-0.00585075
-0.00592433
-0.0059974
-0.00607108
-0.00614449
-0.00621899
-0.00629253
-0.00636551
-0.00643904
-0.00651175
-0.00658591
-0.00665696
-0.00673053
-0.00680488
-0.00688051
-0.00695736
-0.00703314
-0.00711102
-0.00718538
-0.00726284
-0.00733925
-0.00741663
-0.00749814
-0.00757662
-0.00766124
-0.00774073
-0.00782318
-0.00790538
-0.00798599
-0.00807242
-0.00815437
-0.00824219
-0.00832763
-0.00841169
-0.00849918
-0.00858341
-0.00866937
-0.0087559
-0.00884232
-0.00892707
-0.00901086
-0.00909574
-0.00917768
-0.00925681
-0.00933086
-0.00940709
-0.00946562
-0.00951688
0.00193835
0.00249025
0.00298183
0.00325639
0.00330107
0.00317819
0.00295654
0.00266824
0.00232839
0.00195532
0.00157824
0.00122035
0.00087958
0.000538888
0.000187265
-0.000175298
-0.00055347
-0.000957117
-0.00139522
-0.00187661
-0.00240358
-0.00297491
-0.00358955
-0.00423286
-0.00487311
-0.00546703
-0.00596845
-0.00633233
-0.00652618
-0.00654237
-0.00640524
-0.00616769
-0.00589088
-0.00562504
-0.00539884
-0.00522597
-0.00510809
-0.00504037
-0.00501224
-0.00501377
-0.00503933
-0.00508382
-0.00514049
-0.005202
-0.00526836
-0.00533754
-0.00540964
-0.00548277
-0.00555659
-0.00562871
-0.00570098
-0.00577434
-0.00584673
-0.00592038
-0.00599356
-0.00606735
-0.00614085
-0.00621545
-0.00628909
-0.00636218
-0.00643579
-0.00650855
-0.00658282
-0.00665409
-0.0067279
-0.00680248
-0.00687828
-0.00695527
-0.00703109
-0.007109
-0.00718336
-0.00726088
-0.00733743
-0.007415
-0.00749668
-0.00757526
-0.00765985
-0.0077393
-0.0078217
-0.00790398
-0.00798471
-0.00807127
-0.00815324
-0.00824105
-0.00832645
-0.00841052
-0.00849803
-0.00858234
-0.00866831
-0.00875484
-0.00884124
-0.00892606
-0.00900986
-0.00909473
-0.00917672
-0.00925589
-0.00933012
-0.00940633
-0.00946571
-0.00951697
0.00172073
0.00227751
0.00280779
0.00314236
0.00324402
0.00315516
0.00294363
0.00265218
0.00230323
0.00191996
0.00153461
0.00117258
0.000831475
0.00049211
0.000141919
-0.000218798
-0.000593723
-0.000993288
-0.00142526
-0.00189657
-0.00241019
-0.00296361
-0.00355387
-0.00416849
-0.00477901
-0.00534547
-0.00582704
-0.00618457
-0.00638873
-0.00643016
-0.00632538
-0.00611765
-0.0058627
-0.00561009
-0.00539081
-0.00522139
-0.00510522
-0.00503821
-0.00501043
-0.0050122
-0.00503766
-0.00508172
-0.00513785
-0.00519893
-0.005265
-0.00533392
-0.00540571
-0.00547855
-0.00555216
-0.0056242
-0.00569645
-0.00576983
-0.00584228
-0.00591599
-0.0059893
-0.00606321
-0.00613682
-0.00621153
-0.00628529
-0.00635851
-0.00643218
-0.00650501
-0.0065794
-0.00665092
-0.00672497
-0.00679982
-0.00687582
-0.00695296
-0.0070288
-0.00710673
-0.00718109
-0.00725867
-0.00733538
-0.00741317
-0.00749503
-0.00757373
-0.00765825
-0.00773766
-0.00782
-0.00790238
-0.00798322
-0.00806994
-0.00815194
-0.00823972
-0.00832506
-0.00840914
-0.00849665
-0.00858108
-0.00866703
-0.00875356
-0.00883994
-0.00892483
-0.00900864
-0.0090935
-0.00917554
-0.00925474
-0.00932921
-0.0094054
-0.00946571
-0.00951701
0.00150074
0.002061
0.00262403
0.00301077
0.00316765
0.00311871
0.00292406
0.00263524
0.00228051
0.00188689
0.00149103
0.00112209
0.000779219
0.000441321
9.3258e-05
-0.000265239
-0.000636198
-0.00103045
-0.00145564
-0.00191596
-0.00241465
-0.0029495
-0.00351544
-0.00410133
-0.0046827
-0.00522287
-0.00568519
-0.00603549
-0.00624774
-0.00631191
-0.00623834
-0.00606135
-0.00583015
-0.0055927
-0.00538165
-0.00521619
-0.00510169
-0.00503519
-0.00500765
-0.00500966
-0.00503513
-0.00507888
-0.00513456
-0.00519529
-0.00526113
-0.00532984
-0.00540136
-0.00547389
-0.00554731
-0.00561927
-0.00569147
-0.00576488
-0.00583739
-0.0059112
-0.00598466
-0.00605873
-0.00613245
-0.00620731
-0.0062812
-0.00635454
-0.00642829
-0.00650119
-0.0065757
-0.00664749
-0.0067218
-0.00679695
-0.00687316
-0.00695045
-0.00702632
-0.00710426
-0.00717863
-0.00725627
-0.00733315
-0.00741118
-0.00749325
-0.00757207
-0.0076565
-0.00773586
-0.00781813
-0.00790063
-0.00798158
-0.00806848
-0.00815051
-0.00823825
-0.00832352
-0.00840761
-0.00849512
-0.00857967
-0.0086656
-0.00875213
-0.00883849
-0.00892344
-0.00900727
-0.00909209
-0.00917421
-0.00925343
-0.00932817
-0.00940439
-0.00946562
-0.00951704
0.00127732
0.00184202
0.00243317
0.00286621
0.00307562
0.00306913
0.0028968
0.00261462
0.00225801
0.0018561
0.00144864
0.00106983
0.00072281
0.000385817
4.06786e-05
-0.000314786
-0.000681015
-0.00106832
-0.00148535
-0.00193397
-0.00241652
-0.00293189
-0.00347375
-0.00403138
-0.00458419
-0.00509911
-0.00554271
-0.00588505
-0.00610341
-0.00618778
-0.00614377
-0.00599798
-0.00579238
-0.00557216
-0.00537095
-0.00521024
-0.00509753
-0.00503137
-0.00500387
-0.0050061
-0.00503172
-0.0050753
-0.00513065
-0.00519113
-0.00525678
-0.00532535
-0.00539663
-0.00546882
-0.005542
-0.00561393
-0.0056861
-0.00575954
-0.00583214
-0.00590606
-0.00597969
-0.00605394
-0.00612779
-0.00620278
-0.00627681
-0.00635028
-0.00642412
-0.00649709
-0.00657173
-0.00664382
-0.00671841
-0.00679386
-0.00687032
-0.00694777
-0.00702366
-0.0071016
-0.00717596
-0.00725367
-0.00733075
-0.00740905
-0.00749133
-0.00757027
-0.00765461
-0.00773391
-0.0078161
-0.00789874
-0.00797984
-0.0080669
-0.00814896
-0.00823665
-0.00832185
-0.00840594
-0.00849347
-0.00857813
-0.00866406
-0.00875057
-0.00883692
-0.00892193
-0.0090058
-0.00909056
-0.00917278
-0.00925201
-0.00932705
-0.00940332
-0.00946543
-0.00951705
0.00105188
0.00162324
0.00223987
0.00271358
0.00297119
0.00300731
0.00286029
0.00258763
0.00223275
0.0018262
0.00140782
0.0010173
0.000663845
0.000326726
-1.50716e-05
-0.000366447
-0.000727344
-0.00110655
-0.00151373
-0.00195012
-0.00241605
-0.00291092
-0.00342876
-0.00395893
-0.0044839
-0.00497436
-0.0053997
-0.00573357
-0.00595627
-0.00605831
-0.00604196
-0.00592719
-0.00574869
-0.00554779
-0.00535828
-0.00520342
-0.00509291
-0.00502705
-0.0049994
-0.00500169
-0.0050274
-0.00507088
-0.00512597
-0.00518628
-0.00525183
-0.00532033
-0.00539146
-0.00546336
-0.0055363
-0.00560822
-0.0056804
-0.00575385
-0.00582654
-0.00590056
-0.00597438
-0.00604882
-0.0061228
-0.00619793
-0.0062721
-0.00634573
-0.00641966
-0.0064927
-0.00656748
-0.00663987
-0.00671478
-0.00679055
-0.00686726
-0.00694488
-0.00702079
-0.00709874
-0.0071731
-0.00725087
-0.00732817
-0.00740675
-0.00748927
-0.00756834
-0.00765257
-0.00773182
-0.00781391
-0.0078967
-0.00797797
-0.00806519
-0.0081473
-0.00823492
-0.00832007
-0.00840414
-0.00849169
-0.00857647
-0.00866241
-0.00874888
-0.00883524
-0.00892029
-0.00900423
-0.0090889
-0.00917124
-0.00925048
-0.00932585
-0.0094022
-0.00946513
-0.00951706
0.000825981
0.00140583
0.00204585
0.00255492
0.00285536
0.00293291
0.0028134
0.00255286
0.00220238
0.0017954
0.00136893
0.000966042
0.000604207
0.000265414
-7.3589e-05
-0.000420178
-0.000775138
-0.00114558
-0.00154127
-0.00196441
-0.00241345
-0.00288706
-0.00338059
-0.00388411
-0.0043822
-0.004849
-0.00525652
-0.00558151
-0.00580701
-0.00592434
-0.00593352
-0.00584897
-0.00569858
-0.00551901
-0.00534313
-0.00519557
-0.00508789
-0.00502233
-0.00499424
-0.00499627
-0.0050219
-0.00506532
-0.00512032
-0.00518065
-0.00524628
-0.00531484
-0.00538588
-0.00545756
-0.00553023
-0.00560208
-0.00567427
-0.00574775
-0.00582051
-0.00589466
-0.00596868
-0.00604335
-0.00611749
-0.00619277
-0.00626707
-0.00634086
-0.00641487
-0.00648798
-0.0065629
-0.00663563
-0.00671087
-0.006787
-0.00686396
-0.00694177
-0.00701772
-0.00709564
-0.00717002
-0.00724786
-0.0073254
-0.00740429
-0.00748705
-0.00756627
-0.00765037
-0.00772955
-0.00781157
-0.0078945
-0.00797597
-0.00806337
-0.00814551
-0.00823304
-0.00831817
-0.00840222
-0.00848978
-0.00857469
-0.00866066
-0.00874705
-0.00883345
-0.00891853
-0.00900256
-0.00908712
-0.0091696
-0.00924886
-0.00932456
-0.00940104
-0.00946472
-0.00951704
0.000600536
0.00118971
0.00185169
0.00239176
0.00272943
0.00284588
0.00275571
0.00250993
0.00216577
0.00176168
0.00133105
0.000916811
0.000544797
0.000202462
-0.000134753
-0.000476323
-0.000824418
-0.00118537
-0.00156832
-0.00197683
-0.0024085
-0.0028607
-0.0033298
-0.00380716
-0.00427935
-0.00472341
-0.00511364
-0.00542935
-0.00565628
-0.00578666
-0.00581914
-0.00576351
-0.0056417
-0.00548518
-0.0053247
-0.00518595
-0.00508204
-0.00501702
-0.00498838
-0.00498997
-0.00501537
-0.00505875
-0.00511382
-0.00517431
-0.00524009
-0.00530871
-0.00537969
-0.0054512
-0.00552368
-0.00559544
-0.00566763
-0.00574123
-0.0058141
-0.00588838
-0.00596261
-0.00603748
-0.00611179
-0.00618721
-0.00626164
-0.00633558
-0.00640971
-0.0064829
-0.00655797
-0.00663108
-0.00670668
-0.0067832
-0.00686044
-0.00693842
-0.00701441
-0.00709231
-0.00716671
-0.00724462
-0.00732242
-0.00740164
-0.00748466
-0.00756404
-0.00764801
-0.00772712
-0.00780905
-0.00789213
-0.00797382
-0.00806141
-0.00814362
-0.00823102
-0.00831612
-0.00840015
-0.00848773
-0.00857277
-0.00865878
-0.00874509
-0.00883153
-0.00891664
-0.00900078
-0.00908522
-0.00916784
-0.00924715
-0.00932318
-0.00939983
-0.00946418
-0.00951697
0.000376785
0.000975144
0.0016579
0.00222582
0.00259552
0.00274708
0.00268706
0.00245865
0.00212243
0.00172286
0.00129182
0.000868931
0.000485932
0.000138461
-0.000197679
-0.000534438
-0.00087495
-0.00122556
-0.00159505
-0.0019877
-0.00240111
-0.00283203
-0.00327712
-0.00372852
-0.0041753
-0.00459761
-0.00497133
-0.00527753
-0.00550454
-0.00564607
-0.00569957
-0.00567109
-0.00557759
-0.00544528
-0.00530197
-0.00517369
-0.00507492
-0.00501122
-0.0049822
-0.00498312
-0.00500801
-0.00505105
-0.00510611
-0.00516683
-0.00523285
-0.00530171
-0.00537279
-0.00544428
-0.0055167
-0.00558843
-0.00566057
-0.00573426
-0.00580727
-0.00588162
-0.00595603
-0.00603113
-0.00610563
-0.00618124
-0.00625584
-0.00632993
-0.00640418
-0.00647747
-0.00655269
-0.00662618
-0.00670218
-0.00677911
-0.00685666
-0.00693482
-0.00701085
-0.00708872
-0.00716315
-0.00724114
-0.00731923
-0.00739879
-0.00748211
-0.00756164
-0.00764548
-0.00772451
-0.00780633
-0.00788958
-0.00797152
-0.00805928
-0.00814161
-0.00822884
-0.00831392
-0.00839793
-0.00848556
-0.00857071
-0.00865678
-0.00874299
-0.00882947
-0.00891462
-0.00899888
-0.00908321
-0.00916596
-0.00924534
-0.00932168
-0.00939855
-0.00946351
-0.00951682
0.000155282
0.000761958
0.00146414
0.00205772
0.00245543
0.00263745
0.00260664
0.00239775
0.00207105
0.001677
0.00124874
0.000821274
0.000428245
7.45002e-05
-0.000261045
-0.000593336
-0.000926192
-0.00126585
-0.00162137
-0.00199725
-0.00239145
-0.00280117
-0.00322295
-0.00364877
-0.0040702
-0.00447148
-0.00482988
-0.00512668
-0.00535245
-0.00550328
-0.00557564
-0.00557221
-0.005506
-0.00539857
-0.00527435
-0.00515838
-0.00506624
-0.00500488
-0.0049756
-0.00497554
-0.00499956
-0.00504202
-0.00509698
-0.00515816
-0.0052247
-0.00529397
-0.00536527
-0.00543676
-0.00550913
-0.00558087
-0.00565293
-0.00572664
-0.00579989
-0.00587438
-0.00594899
-0.00602438
-0.00609911
-0.00617489
-0.00624964
-0.00632387
-0.00639821
-0.0064716
-0.00654701
-0.00662092
-0.00669735
-0.00677473
-0.00685263
-0.00693098
-0.00700704
-0.00708484
-0.00715933
-0.00723738
-0.0073158
-0.00739575
-0.00747938
-0.00755909
-0.00764277
-0.00772171
-0.00780343
-0.00788685
-0.00796906
-0.008057
-0.00813946
-0.00822652
-0.00831157
-0.00839555
-0.00848323
-0.00856851
-0.00865464
-0.00874075
-0.00882728
-0.00891247
-0.00899684
-0.00908108
-0.00916394
-0.00924343
-0.00932006
-0.00939719
-0.00946271
-0.00951657
-6.37544e-05
0.000549877
0.00126961
0.00188687
0.00230981
0.00251771
0.00251378
0.00232609
0.00201102
0.00162382
0.00120074
0.000772896
0.000372302
1.16285e-05
-0.000324213
-0.000652238
-0.000977727
-0.00130633
-0.00164733
-0.00200568
-0.0023801
-0.00276836
-0.00316722
-0.00356837
-0.00396476
-0.00434527
-0.00468943
-0.00497747
-0.00520097
-0.0053589
-0.00544801
-0.00546769
-0.00542727
-0.00534485
-0.00524129
-0.00513932
-0.00505503
-0.00499706
-0.00496815
-0.00496729
-0.00499043
-0.00503215
-0.00508681
-0.00514837
-0.00521549
-0.00528519
-0.00535674
-0.00542832
-0.00550075
-0.00557266
-0.00564481
-0.00571854
-0.00579202
-0.00586677
-0.00594154
-0.00601715
-0.00609209
-0.00616803
-0.00624294
-0.00631734
-0.00639178
-0.00646529
-0.00654092
-0.0066153
-0.00669219
-0.00677005
-0.00684832
-0.00692687
-0.00700295
-0.00708066
-0.00715522
-0.00723336
-0.00731214
-0.00739249
-0.00747646
-0.00755635
-0.00763983
-0.00771869
-0.00780031
-0.0078839
-0.00796644
-0.00805454
-0.00813716
-0.00822402
-0.00830906
-0.00839299
-0.00848072
-0.00856617
-0.00865235
-0.00873834
-0.00882494
-0.00891017
-0.00899467
-0.00907883
-0.00916178
-0.00924142
-0.00931832
-0.00939575
-0.00946178
-0.00951622
-0.000279747
0.00033924
0.00107411
0.00171269
0.00215882
0.00238951
0.00240982
0.00224426
0.0019431
0.00156395
0.00114724
0.00072208
0.000317251
-4.99931e-05
-0.000387055
-0.0007107
-0.00102879
-0.00134664
-0.00167282
-0.00201309
-0.00236754
-0.00273407
-0.00311
-0.00348781
-0.0038603
-0.00421985
-0.00455004
-0.0048303
-0.00505097
-0.00521359
-0.00531721
-0.00535839
-0.00534202
-0.00528381
-0.00520163
-0.00511532
-0.0050405
-0.00498731
-0.00495997
-0.00495884
-0.00498094
-0.00502146
-0.0050754
-0.00513704
-0.00520474
-0.00527511
-0.00534714
-0.00541904
-0.00549169
-0.00556391
-0.00563626
-0.00570998
-0.00578354
-0.00585852
-0.00593356
-0.00600936
-0.00608455
-0.00616069
-0.0062358
-0.00631038
-0.00638495
-0.00645854
-0.00653439
-0.00660929
-0.00668666
-0.00676504
-0.00684373
-0.00692247
-0.00699859
-0.00707616
-0.00715078
-0.00722903
-0.00730822
-0.00738902
-0.00747333
-0.00755341
-0.00763669
-0.00771545
-0.00779697
-0.00788077
-0.00796364
-0.00805191
-0.0081347
-0.00822133
-0.0083064
-0.00839027
-0.00847802
-0.00856367
-0.00864991
-0.00873578
-0.00882242
-0.00890775
-0.00899234
-0.00907643
-0.00915948
-0.00923929
-0.00931646
-0.00939418
-0.00946072
-0.00951574
-0.00049321
0.000129873
0.000877398
0.00153483
0.00200254
0.00225471
0.00229701
0.00215305
0.00186735
0.00149706
0.00108724
0.000667078
0.000261867
-0.000109965
-0.000448656
-0.000767954
-0.00107829
-0.00138566
-0.00169743
-0.00201956
-0.00235388
-0.00269867
-0.00305174
-0.00340733
-0.00375767
-0.00409617
-0.00441157
-0.00468479
-0.00490305
-0.00506846
-0.00518386
-0.00524475
-0.00525092
-0.00521553
-0.00515484
-0.00508594
-0.00502259
-0.00497534
-0.00495051
-0.00494971
-0.00497074
-0.00500981
-0.00506285
-0.0051244
-0.00519262
-0.0052639
-0.0053366
-0.00540887
-0.00548176
-0.00555426
-0.00562686
-0.00570071
-0.0057744
-0.00584963
-0.00592511
-0.0060012
-0.00607658
-0.00615289
-0.00622816
-0.0063029
-0.00637759
-0.00645128
-0.00652735
-0.00660284
-0.0066808
-0.00675972
-0.00683883
-0.00691776
-0.00699391
-0.00707132
-0.00714601
-0.00722439
-0.00730404
-0.00738533
-0.00747001
-0.00755028
-0.00763331
-0.00771199
-0.0077934
-0.00787744
-0.00796066
-0.00804908
-0.00813205
-0.00821843
-0.00830354
-0.00838741
-0.00847513
-0.00856098
-0.00864732
-0.00873307
-0.00881974
-0.00890517
-0.00898987
-0.00907389
-0.00915701
-0.00923706
-0.00931446
-0.00939249
-0.00945951
-0.00951511
-0.000705245
-7.8367e-05
0.00068001
0.0013543
0.00184224
0.002115
0.00217722
0.00205293
0.00178339
0.00142313
0.00102073
0.000607316
0.000205184
-0.000168264
-0.000508275
-0.000823815
-0.00112604
-0.00142277
-0.00172098
-0.00202566
-0.00233956
-0.00266278
-0.00299365
-0.00332758
-0.00365703
-0.00397511
-0.00427472
-0.00454077
-0.00475767
-0.00492487
-0.00504879
-0.00512711
-0.00515499
-0.00514106
-0.00510106
-0.00505053
-0.00500035
-0.00496024
-0.00493871
-0.00493925
-0.00495994
-0.00499769
-0.00504959
-0.00511071
-0.00517912
-0.00525117
-0.00532469
-0.0053974
-0.00547062
-0.00554356
-0.00561665
-0.00569089
-0.00576488
-0.00584025
-0.00591608
-0.00599255
-0.00606807
-0.00614446
-0.00621993
-0.00629484
-0.00636971
-0.00644353
-0.00651986
-0.00659596
-0.00667453
-0.00675405
-0.00683358
-0.0069127
-0.00698888
-0.00706612
-0.00714093
-0.00721943
-0.0072996
-0.00738139
-0.00746642
-0.00754689
-0.00762964
-0.00770828
-0.00778957
-0.00787387
-0.00795749
-0.00804603
-0.00812923
-0.00821533
-0.00830049
-0.00838438
-0.00847206
-0.0085581
-0.00864453
-0.00873019
-0.00881686
-0.00890244
-0.00898723
-0.00907121
-0.00915438
-0.0092347
-0.00931233
-0.00939066
-0.00945814
-0.00951431
-0.000915834
-0.000284817
0.000483446
0.00117277
0.00167918
0.00197086
0.00205099
0.00194435
0.00169112
0.00134247
0.000948124
0.000542288
0.000145767
-0.000226117
-0.000566048
-0.00087825
-0.00117233
-0.00145786
-0.00174291
-0.00203117
-0.00232492
-0.00262681
-0.00293638
-0.00324887
-0.0035581
-0.00385742
-0.0041411
-0.00439867
-0.00461471
-0.00478382
-0.00491348
-0.00500622
-0.00505471
-0.00506114
-0.00504021
-0.00500798
-0.00497264
-0.00494152
-0.00492437
-0.0049272
-0.00494856
-0.00498525
-0.00503559
-0.00509586
-0.00516413
-0.00523677
-0.00531124
-0.00538473
-0.00545844
-0.00553198
-0.00560563
-0.00568034
-0.00575474
-0.00583027
-0.00590631
-0.00598324
-0.00605911
-0.00613552
-0.00621118
-0.00628628
-0.00636129
-0.00643526
-0.00651185
-0.00658862
-0.00666783
-0.00674802
-0.00682797
-0.00690725
-0.00698348
-0.00706056
-0.00713551
-0.00721417
-0.00729486
-0.00737718
-0.00746256
-0.00754326
-0.0076257
-0.00770433
-0.00778553
-0.00787011
-0.00795413
-0.00804277
-0.00812621
-0.00821201
-0.00829721
-0.00838115
-0.00846879
-0.00855503
-0.00864154
-0.00872714
-0.00881383
-0.00889954
-0.00898444
-0.00906839
-0.00915158
-0.00923219
-0.00931008
-0.00938869
-0.00945661
-0.00951332
-0.00112463
-0.000489191
0.000288337
0.000990827
0.00151348
0.00182232
0.00191904
0.00182885
0.00159153
0.00125568
0.000870101
0.000471958
8.2835e-05
-0.000284378
-0.000621924
-0.000930433
-0.00121693
-0.00149097
-0.00176246
-0.00203533
-0.0023103
-0.0025912
-0.00287998
-0.00317177
-0.00346144
-0.00374365
-0.00401207
-0.0042594
-0.00447376
-0.0046456
-0.00477944
-0.00488287
-0.00494985
-0.00497626
-0.00497332
-0.00495842
-0.00493906
-0.00491892
-0.00490726
-0.00491285
-0.00493576
-0.00497215
-0.00502089
-0.00508
-0.00514798
-0.00522099
-0.00529631
-0.0053708
-0.00544509
-0.00551918
-0.00559347
-0.00566877
-0.00574381
-0.00581973
-0.00589601
-0.00597329
-0.00604967
-0.00612615
-0.00620181
-0.00627704
-0.00635221
-0.00642638
-0.00650331
-0.00658084
-0.00666072
-0.00674162
-0.00682203
-0.00690143
-0.00697767
-0.00705458
-0.00712974
-0.00720861
-0.00728985
-0.00737271
-0.00745841
-0.00753935
-0.00762146
-0.00770012
-0.00778125
-0.00786612
-0.00795055
-0.00803925
-0.00812296
-0.00820845
-0.00829373
-0.00837775
-0.00846533
-0.00855181
-0.00863836
-0.00872388
-0.00881059
-0.00889647
-0.00898146
-0.0090654
-0.0091486
-0.00922952
-0.0093077
-0.00938657
-0.0094549
-0.00951213
-0.00133047
-0.000690811
9.51696e-05
0.000809266
0.00134612
0.00167065
0.00178287
0.00170799
0.00148564
0.00116293
0.000787187
0.000396933
1.61026e-05
-0.000343913
-0.000676611
-0.000980336
-0.00125977
-0.00152276
-0.00177998
-0.00203785
-0.00229589
-0.00255665
-0.00282487
-0.00309723
-0.0033682
-0.00363399
-0.00388817
-0.00412422
-0.00433486
-0.00450967
-0.00464769
-0.0047586
-0.00484115
-0.00488721
-0.00490176
-0.00490244
-0.00489875
-0.00489138
-0.00488677
-0.00489563
-0.00492071
-0.00495801
-0.00500574
-0.00506344
-0.00513079
-0.00520391
-0.00527978
-0.00535524
-0.00543035
-0.0055051
-0.00558015
-0.00565619
-0.00573203
-0.0058086
-0.00588524
-0.0059627
-0.00603951
-0.0061162
-0.00619182
-0.0062671
-0.00634255
-0.00641699
-0.0064943
-0.00657266
-0.0066532
-0.00673478
-0.00681563
-0.00689514
-0.00697137
-0.00704815
-0.00712361
-0.00720274
-0.00728457
-0.00736793
-0.00745392
-0.00753514
-0.0076169
-0.00769565
-0.00777672
-0.00786189
-0.00794674
-0.00803546
-0.00811951
-0.00820468
-0.00829004
-0.00837417
-0.00846161
-0.00854834
-0.00863498
-0.00872042
-0.00880715
-0.00889325
-0.00897833
-0.00906224
-0.00914544
-0.00922669
-0.00930518
-0.00938428
-0.00945299
-0.00951072
-0.00153279
-0.000889562
-9.62013e-05
0.000628356
0.00117789
0.00151671
0.0016433
0.00158239
0.00137407
0.00106446
0.000699639
0.000317994
-5.44314e-05
-0.000405682
-0.000731149
-0.00102851
-0.00130058
-0.00155326
-0.0017961
-0.00203862
-0.0022812
-0.00252351
-0.00277172
-0.00302569
-0.00327902
-0.00352842
-0.00376916
-0.00399418
-0.0041991
-0.00437601
-0.00451906
-0.00463563
-0.00472991
-0.00479389
-0.00482573
-0.00484064
-0.00485134
-0.00485793
-0.00486243
-0.00487546
-0.00490307
-0.00494228
-0.00499012
-0.00504646
-0.0051126
-0.00518549
-0.00526178
-0.00533806
-0.00541414
-0.00548975
-0.00556555
-0.00564247
-0.00571928
-0.0057967
-0.00587393
-0.00595158
-0.00602861
-0.00610559
-0.00618142
-0.00625659
-0.0063322
-0.00640699
-0.00648467
-0.00656397
-0.0066452
-0.00672748
-0.00680875
-0.00688838
-0.00696465
-0.00704128
-0.00711715
-0.00719658
-0.00727904
-0.0073629
-0.00744909
-0.00753061
-0.00761198
-0.00769089
-0.00777195
-0.00785745
-0.00794276
-0.00803141
-0.0081158
-0.00820065
-0.00828609
-0.00837039
-0.00845769
-0.00854463
-0.00863142
-0.0087168
-0.00880349
-0.00888983
-0.00897502
-0.0090589
-0.0091421
-0.0092237
-0.00930252
-0.0093818
-0.00945086
-0.00950907
-0.00173158
-0.00108534
-0.000285518
0.000448547
0.00100974
0.00136148
0.00150134
0.00145328
0.00125804
0.00096133
0.000608001
0.000235915
-0.00012806
-0.00046999
-0.000786266
-0.00107558
-0.00133924
-0.00158209
-0.00181164
-0.00203845
-0.00226601
-0.00249198
-0.00272127
-0.00295715
-0.00319379
-0.00342721
-0.00365512
-0.0038703
-0.00406842
-0.00424536
-0.00439335
-0.00451491
-0.0046173
-0.00469636
-0.00474546
-0.00477441
-0.00479796
-0.00481826
-0.00483372
-0.00485228
-0.00488263
-0.00492421
-0.00497336
-0.00502895
-0.00509343
-0.00516578
-0.0052425
-0.00531946
-0.00539634
-0.00547307
-0.00554976
-0.00562758
-0.00570546
-0.00578382
-0.0058619
-0.00593996
-0.00601714
-0.00609417
-0.00617034
-0.00624548
-0.00632106
-0.00639634
-0.0064745
-0.00655482
-0.00663684
-0.00671983
-0.00680148
-0.00688113
-0.00695746
-0.00703394
-0.00711027
-0.0071901
-0.00727325
-0.0073576
-0.00744387
-0.00752567
-0.00760669
-0.00768586
-0.00776697
-0.00785277
-0.0079385
-0.00802703
-0.00811182
-0.00819639
-0.00828195
-0.00836645
-0.00845358
-0.00854067
-0.0086276
-0.00871302
-0.00879963
-0.00888618
-0.00897152
-0.00905539
-0.00913858
-0.0092205
-0.00929972
-0.00937914
-0.0094485
-0.00950718
-0.00192648
-0.0012774
-0.000471893
0.000270558
0.000842403
0.00120593
0.00135798
0.00132188
0.00113873
0.000854506
0.000512911
0.00015117
-0.000203834
-0.000536551
-0.000842567
-0.00112228
-0.00137649
-0.00160939
-0.00182702
-0.00203843
-0.00225057
-0.00246175
-0.00267365
-0.00289165
-0.00311265
-0.00333151
-0.00354702
-0.0037531
-0.00394401
-0.0041184
-0.00427003
-0.00439673
-0.00450532
-0.00459624
-0.00466163
-0.00470468
-0.0047397
-0.00477223
-0.00479955
-0.00482555
-0.00485913
-0.00490308
-0.00495447
-0.00501065
-0.00507376
-0.00514509
-0.00522208
-0.0052997
-0.00537708
-0.00545485
-0.00553264
-0.00561127
-0.0056903
-0.00576989
-0.0058491
-0.00592779
-0.00600517
-0.00608194
-0.00615839
-0.00623389
-0.00630941
-0.00638505
-0.00646381
-0.00654525
-0.00662806
-0.00671171
-0.00679366
-0.00687324
-0.00694966
-0.00702611
-0.00710302
-0.0071833
-0.0072672
-0.00735202
-0.0074383
-0.00752038
-0.00760104
-0.00768054
-0.00776174
-0.00784786
-0.007934
-0.00802232
-0.0081076
-0.00819193
-0.00827759
-0.00836229
-0.00844922
-0.00853645
-0.00862351
-0.00870909
-0.00879564
-0.00888232
-0.00896779
-0.00905173
-0.0091349
-0.00921713
-0.00929678
-0.00937629
-0.00944588
-0.00950501
-0.00211698
-0.00146494
-0.000654393
9.52073e-05
0.000676464
0.00105088
0.00121423
0.00118936
0.00101739
0.000744923
0.000415042
6.40246e-05
-0.000281312
-0.000604849
-0.000900491
-0.00116941
-0.00141326
-0.00163555
-0.00184187
-0.00203906
-0.00223549
-0.00243237
-0.00262886
-0.00283016
-0.00303647
-0.00324205
-0.00344517
-0.00364196
-0.00382599
-0.00399633
-0.00414978
-0.00428166
-0.00439577
-0.00449541
-0.00457446
-0.00463131
-0.00467717
-0.00472042
-0.00475936
-0.0047945
-0.00483265
-0.00487914
-0.00493328
-0.00499132
-0.00505377
-0.00512355
-0.00520025
-0.00527859
-0.00535639
-0.00543488
-0.005514
-0.00559384
-0.00567412
-0.00575502
-0.00583539
-0.0059148
-0.00599264
-0.00606915
-0.00614556
-0.00622151
-0.00629725
-0.00637315
-0.00645248
-0.00653518
-0.00661879
-0.0067031
-0.00678533
-0.00686482
-0.00694133
-0.00701775
-0.0070954
-0.00717618
-0.00726092
-0.00734624
-0.0074324
-0.00751472
-0.00759492
-0.00767489
-0.00775631
-0.00784274
-0.00792929
-0.00801724
-0.00810307
-0.00818722
-0.00827298
-0.00835796
-0.00844465
-0.00853199
-0.00861916
-0.00870494
-0.00879149
-0.00887825
-0.00896382
-0.00904787
-0.00913109
-0.00921354
-0.00929366
-0.00937327
-0.00944299
-0.00950256
-0.00230281
-0.00164751
-0.000832331
-7.65943e-05
0.000512785
0.000897139
0.00107108
0.00105677
0.000895198
0.000633497
0.000314934
-2.5174e-05
-0.000360332
-0.000674361
-0.000959906
-0.00121744
-0.00145008
-0.00166112
-0.00185596
-0.00204033
-0.00222171
-0.00240446
-0.00258742
-0.00277358
-0.00296536
-0.00315815
-0.00334935
-0.00353696
-0.00371491
-0.00388091
-0.00403414
-0.00417007
-0.00428907
-0.004395
-0.00448476
-0.00455463
-0.00461146
-0.00466436
-0.00471385
-0.00475881
-0.00480323
-0.00485254
-0.00490906
-0.00496969
-0.00503273
-0.00510123
-0.00517708
-0.00525622
-0.00533481
-0.00541378
-0.00549408
-0.00557537
-0.00565675
-0.00573873
-0.00582054
-0.00590091
-0.00597942
-0.00605576
-0.00613189
-0.00620816
-0.00628456
-0.00636097
-0.00644059
-0.00652461
-0.00660917
-0.00669407
-0.00677649
-0.00685577
-0.00693241
-0.00700886
-0.00708751
-0.00716889
-0.00725438
-0.00734015
-0.00742598
-0.00750856
-0.00758839
-0.00766898
-0.00775073
-0.00783739
-0.0079243
-0.00801171
-0.0080982
-0.0081824
-0.00826823
-0.00835351
-0.00843985
-0.00852721
-0.00861452
-0.00870059
-0.00878716
-0.00887405
-0.00895965
-0.00904372
-0.00912711
-0.00920982
-0.00929038
-0.00937004
-0.00943981
-0.00949984
-0.00248413
-0.00182523
-0.00100548
-0.000244141
0.000352328
0.000745573
0.000929418
0.000925051
0.000773244
0.000521482
0.000213605
-0.000115613
-0.000440359
-0.000744442
-0.00102004
-0.00126643
-0.00148737
-0.00168685
-0.00187002
-0.00204261
-0.00221041
-0.00237917
-0.00254933
-0.00272159
-0.00289911
-0.00307977
-0.00326031
-0.00343919
-0.00361126
-0.00377279
-0.00392391
-0.00406203
-0.00418535
-0.00429638
-0.00439447
-0.00447572
-0.00454335
-0.00460513
-0.00466369
-0.00471795
-0.00476976
-0.00482304
-0.00488181
-0.00494551
-0.00501049
-0.00507849
-0.00515313
-0.00523265
-0.00531227
-0.00539156
-0.0054725
-0.00555537
-0.00563829
-0.00572134
-0.00580469
-0.00588614
-0.00596531
-0.00604175
-0.00611764
-0.00619401
-0.00627104
-0.00634848
-0.0064284
-0.0065135
-0.00659913
-0.00668452
-0.00676702
-0.00684607
-0.00692296
-0.00699948
-0.00707928
-0.00716134
-0.00724745
-0.00733367
-0.00741915
-0.00750204
-0.00758155
-0.00766282
-0.00774496
-0.0078318
-0.00791909
-0.00800582
-0.00809297
-0.00817741
-0.00826329
-0.00834883
-0.00843485
-0.00852219
-0.00860961
-0.0086961
-0.0087827
-0.00886961
-0.00895529
-0.00903935
-0.00912299
-0.00920595
-0.00928687
-0.0093666
-0.00943636
-0.00949681
-0.00266059
-0.00199779
-0.00117332
-0.000406635
0.000196169
0.000597197
0.000790029
0.000794964
0.000652431
0.000410023
0.00011204
-0.000206672
-0.000520982
-0.000814946
-0.00108062
-0.0013164
-0.00152575
-0.0017137
-0.00188525
-0.00204617
-0.0022014
-0.00235658
-0.00251416
-0.00267402
-0.0028386
-0.00300796
-0.00317876
-0.00334897
-0.0035147
-0.00367172
-0.00381994
-0.00395863
-0.00408549
-0.00420079
-0.00430519
-0.00439562
-0.00447301
-0.00454322
-0.00460974
-0.00467245
-0.00473219
-0.00479098
-0.00485232
-0.00491859
-0.00498627
-0.00505483
-0.00512838
-0.00520768
-0.00528832
-0.0053684
-0.00544994
-0.00553426
-0.00561909
-0.00570315
-0.00578768
-0.00587038
-0.00595032
-0.00602684
-0.00610257
-0.00617904
-0.00625659
-0.00633555
-0.00641627
-0.00650206
-0.00658852
-0.00667448
-0.006757
-0.00683568
-0.00691291
-0.00698963
-0.00707068
-0.00715367
-0.00724036
-0.00732696
-0.00741188
-0.00749504
-0.00757432
-0.00765642
-0.00773913
-0.00782597
-0.00791358
-0.0079995
-0.00808724
-0.00817219
-0.00825823
-0.00834407
-0.00842968
-0.00851694
-0.00860438
-0.00869136
-0.00877812
-0.00886502
-0.00895082
-0.00903478
-0.00911867
-0.00920196
-0.00928319
-0.00936296
-0.00943264
-0.00949346
-0.00283158
-0.00216472
-0.00133543
-0.000563553
4.5069e-05
0.000452942
0.000653792
0.000667363
0.000533617
0.000300059
1.12943e-05
-0.000297518
-0.000601634
-0.000885525
-0.00114132
-0.00136714
-0.00156564
-0.00174215
-0.00190189
-0.00205088
-0.00219435
-0.00233731
-0.00248306
-0.00263185
-0.00278478
-0.002943
-0.00310416
-0.00326584
-0.00342512
-0.00357789
-0.00372322
-0.00386118
-0.00399013
-0.0041088
-0.00421786
-0.00431546
-0.00440136
-0.00447959
-0.00455351
-0.00462366
-0.00469077
-0.00475574
-0.00482042
-0.00488887
-0.00495949
-0.00502981
-0.00510289
-0.00518172
-0.00526321
-0.00534468
-0.00542697
-0.00551205
-0.00559874
-0.00568417
-0.00576963
-0.00585342
-0.00593421
-0.00601087
-0.00608663
-0.00616362
-0.00624164
-0.0063221
-0.00640411
-0.00649057
-0.00657743
-0.00666374
-0.00674637
-0.00682456
-0.00690225
-0.00697949
-0.00706196
-0.00714603
-0.00723308
-0.00731979
-0.00740393
-0.00748746
-0.00756681
-0.00764989
-0.00773327
-0.00781984
-0.00790775
-0.00799287
-0.00808111
-0.00816682
-0.00825309
-0.00833915
-0.00842429
-0.00851151
-0.00859887
-0.00868638
-0.00877348
-0.00886019
-0.00894612
-0.00903004
-0.00911425
-0.00919787
-0.00927929
-0.00935911
-0.0094287
-0.00948987
-0.00299654
-0.00232572
-0.00149157
-0.000714566
-0.000100416
0.000313692
0.000521748
0.000543215
0.000417671
0.00019249
-8.7617e-05
-0.000387227
-0.000681673
-0.000955901
-0.00120225
-0.00141859
-0.00160675
-0.00177193
-0.00192005
-0.00205762
-0.00219025
-0.00232229
-0.00245679
-0.00259483
-0.00273689
-0.00288439
-0.00303635
-0.00319022
-0.0033433
-0.00349183
-0.00363419
-0.00377043
-0.00389993
-0.00402099
-0.00413355
-0.00423663
-0.00432972
-0.00441509
-0.00449573
-0.00457238
-0.00464595
-0.00471723
-0.00478639
-0.00485721
-0.00493033
-0.00500309
-0.00507661
-0.00515502
-0.00523701
-0.00531988
-0.00540341
-0.00548911
-0.00557746
-0.00566461
-0.0057509
-0.0058354
-0.00591703
-0.00599412
-0.00606979
-0.00614744
-0.00622626
-0.00630813
-0.00639179
-0.00647924
-0.00656617
-0.00665217
-0.00673496
-0.0068129
-0.00689107
-0.00696922
-0.0070531
-0.00713822
-0.00722546
-0.00731212
-0.00739548
-0.00747944
-0.00755915
-0.00764325
-0.00772744
-0.00781356
-0.00790159
-0.00798603
-0.00807466
-0.00816115
-0.00824776
-0.00833413
-0.00841872
-0.00850592
-0.00859317
-0.00868108
-0.00876865
-0.00885517
-0.00894133
-0.00902519
-0.00910966
-0.00919361
-0.00927512
-0.00935507
-0.0094246
-0.00948608
-0.00315458
-0.00248016
-0.00164128
-0.00085924
-0.000239761
0.000180148
0.000394702
0.000423297
0.000305277
8.78921e-05
-0.000184159
-0.000475317
-0.000760886
-0.001026
-0.0012631
-0.00146999
-0.00164826
-0.00180298
-0.00194048
-0.00206746
-0.00218958
-0.00231102
-0.00243476
-0.00256259
-0.00269505
-0.00283305
-0.00297635
-0.00312268
-0.00326941
-0.00341338
-0.00355258
-0.00368666
-0.00381564
-0.00393803
-0.00405311
-0.00416031
-0.00425929
-0.0043508
-0.00443739
-0.00451992
-0.00459904
-0.00467606
-0.00475017
-0.00482376
-0.00489887
-0.00497424
-0.00504931
-0.00512765
-0.0052099
-0.0052941
-0.00537945
-0.00546626
-0.00555565
-0.00564435
-0.00573166
-0.00581655
-0.00589861
-0.00597634
-0.00605206
-0.00613039
-0.00621073
-0.00629414
-0.00637933
-0.00646788
-0.00655483
-0.00663992
-0.00672262
-0.00680084
-0.0068795
-0.00695872
-0.00704413
-0.00713033
-0.00721767
-0.00730412
-0.00738662
-0.00747089
-0.00755133
-0.00763653
-0.00772167
-0.00780717
-0.00789505
-0.00797892
-0.00806788
-0.00815527
-0.00824225
-0.00832903
-0.00841306
-0.00850033
-0.0085874
-0.00867548
-0.00876368
-0.00885001
-0.00893643
-0.00902015
-0.00910492
-0.00918936
-0.00927069
-0.00935075
-0.00942035
-0.00948208
-0.00330474
-0.00262722
-0.00178399
-0.000997072
-0.000372444
5.29515e-05
0.000273438
0.000308459
0.000197197
-1.31296e-05
-0.000277829
-0.000561216
-0.0008385
-0.00109487
-0.00132301
-0.00152098
-0.00169035
-0.00183585
-0.00196359
-0.00208025
-0.00219188
-0.00230326
-0.00241745
-0.00253617
-0.00265987
-0.00278903
-0.00292379
-0.00306271
-0.00320328
-0.0033426
-0.00347853
-0.00361031
-0.00373817
-0.00386092
-0.00397767
-0.00408776
-0.0041911
-0.00428774
-0.0043794
-0.00446714
-0.00455112
-0.00463297
-0.00471201
-0.00478884
-0.00486592
-0.00494358
-0.00502058
-0.00509959
-0.00518229
-0.00526788
-0.0053552
-0.00544346
-0.00553371
-0.00562355
-0.00571198
-0.00579703
-0.00587897
-0.00595742
-0.00603381
-0.00611282
-0.00619497
-0.00628035
-0.00636674
-0.00645623
-0.00654347
-0.00662747
-0.00670942
-0.00678811
-0.00686778
-0.00694819
-0.00703519
-0.00712253
-0.00720969
-0.0072956
-0.00737727
-0.00746194
-0.00754351
-0.00762971
-0.00771581
-0.00780071
-0.0078882
-0.00797172
-0.008061
-0.00814927
-0.00823653
-0.00832391
-0.00840737
-0.00849464
-0.00858163
-0.00866966
-0.00875859
-0.00884465
-0.00893146
-0.00901525
-0.00910007
-0.009185
-0.00926602
-0.00934615
-0.00941603
-0.00947791
-0.00344627
-0.00276609
-0.001919
-0.00112755
-0.000498038
-6.74801e-05
0.000158436
0.000199202
9.39714e-05
-0.000109986
-0.000367894
-0.000644008
-0.000913565
-0.00116195
-0.00138206
-0.00157201
-0.00173323
-0.00187004
-0.00198844
-0.00209539
-0.00219748
-0.00229984
-0.00240531
-0.00251535
-0.00263061
-0.00275166
-0.00287871
-0.00301071
-0.00314532
-0.00327984
-0.00341238
-0.00354183
-0.00366818
-0.00379039
-0.00390775
-0.00401967
-0.00412612
-0.00422701
-0.00432299
-0.00441512
-0.00450346
-0.00458925
-0.00467254
-0.00475282
-0.00483185
-0.0049114
-0.00499064
-0.00507126
-0.00515477
-0.00524138
-0.00533069
-0.00542084
-0.00551215
-0.0056026
-0.00569165
-0.00577693
-0.00585857
-0.00593765
-0.00601509
-0.00609499
-0.00617889
-0.0062668
-0.00635459
-0.00644435
-0.0065318
-0.00661475
-0.00669554
-0.0067748
-0.00685614
-0.00693808
-0.0070262
-0.00711452
-0.00720129
-0.00728655
-0.00736778
-0.00745271
-0.00753574
-0.00762286
-0.00770988
-0.00779432
-0.00788114
-0.00796456
-0.00805401
-0.00814318
-0.00823059
-0.00831851
-0.00840169
-0.00848906
-0.0085761
-0.00866364
-0.00875331
-0.00883925
-0.00892645
-0.00901046
-0.00909515
-0.00918066
-0.00926132
-0.00934136
-0.00941173
-0.00947363
-0.00357854
-0.00289594
-0.00204547
-0.00124997
-0.000616001
-0.000180715
5.01468e-05
9.61135e-05
-3.63004e-06
-0.000201787
-0.000453543
-0.000723164
-0.000985949
-0.00122733
-0.00144021
-0.00162258
-0.00177588
-0.00190446
-0.00201453
-0.00211313
-0.00220681
-0.00230068
-0.00239775
-0.00249972
-0.00260739
-0.00272129
-0.00284138
-0.00296679
-0.00309557
-0.00322534
-0.00335431
-0.0034812
-0.00360559
-0.00372677
-0.00384409
-0.00395714
-0.0040658
-0.00416994
-0.00426944
-0.004365
-0.00445704
-0.00454605
-0.00463264
-0.00471614
-0.00479733
-0.00487867
-0.00496003
-0.00504248
-0.00512738
-0.00521536
-0.00530675
-0.00539879
-0.00549117
-0.00558205
-0.00567099
-0.00575642
-0.0058377
-0.00591706
-0.00599602
-0.00607751
-0.00616324
-0.00625355
-0.00634289
-0.00643216
-0.00651923
-0.00660168
-0.00668155
-0.00676142
-0.00684466
-0.00692843
-0.00701716
-0.00710602
-0.00719259
-0.00727705
-0.00735821
-0.00744353
-0.00752809
-0.00761598
-0.00770364
-0.00778784
-0.00787397
-0.00795752
-0.008047
-0.0081369
-0.00822435
-0.00831298
-0.00839629
-0.00848352
-0.0085707
-0.00865757
-0.00874794
-0.00883385
-0.00892139
-0.00900606
-0.00909042
-0.00917618
-0.00925657
-0.00933651
-0.00940762
-0.0094702
-0.00370105
-0.00301621
-0.00216271
-0.00136363
-0.000725686
-0.000286127
-5.07696e-05
-9.51794e-08
-9.49275e-05
-0.000287973
-0.000534403
-0.000798406
-0.00105522
-0.00129024
-0.00149639
-0.00167175
-0.00181792
-0.00193939
-0.00204231
-0.00213353
-0.00221944
-0.00230532
-0.00239459
-0.0024892
-0.00258998
-0.00269737
-0.00281119
-0.00293058
-0.00305384
-0.00317893
-0.00330425
-0.00342855
-0.00355103
-0.00367102
-0.00378785
-0.00390131
-0.00401127
-0.00411749
-0.00421966
-0.00431788
-0.00441269
-0.00450432
-0.00459333
-0.00467957
-0.00476301
-0.00484592
-0.00492942
-0.00501406
-0.00510116
-0.0051908
-0.00528384
-0.00537774
-0.0054711
-0.00556223
-0.00565047
-0.00573563
-0.0058169
-0.00589668
-0.00597745
-0.00606113
-0.00614857
-0.00624063
-0.00633135
-0.00641991
-0.00650615
-0.00658849
-0.00666807
-0.00674839
-0.00683343
-0.00691931
-0.00700832
-0.00709709
-0.00718339
-0.00726725
-0.00734868
-0.00743439
-0.00752042
-0.0076089
-0.00769697
-0.00778118
-0.00786663
-0.00795049
-0.00803968
-0.00813022
-0.00821772
-0.00830675
-0.00839057
-0.00847773
-0.00856534
-0.00865131
-0.00874185
-0.00882801
-0.0089159
-0.00900143
-0.00908539
-0.00917114
-0.00925145
-0.00933122
-0.00940285
-0.00946527
-0.0038133
-0.00312633
-0.00227005
-0.00146771
-0.00082622
-0.000382919
-0.000143671
-8.89437e-05
-0.000179507
-0.000368051
-0.00060975
-0.000868768
-0.00112033
-0.00134979
-0.00155017
-0.00171957
-0.00185966
-0.00197486
-0.00207131
-0.00215578
-0.00223469
-0.00231337
-0.00239561
-0.00248357
-0.00257822
-0.00267977
-0.00278784
-0.00290156
-0.00301962
-0.00314042
-0.00326229
-0.00338391
-0.00350422
-0.00362275
-0.00373889
-0.00385245
-0.00396306
-0.00407055
-0.00417454
-0.00427479
-0.00437148
-0.0044649
-0.00455551
-0.00464347
-0.00472908
-0.00481371
-0.00489955
-0.00498661
-0.00507624
-0.00516819
-0.00526285
-0.00535843
-0.00545241
-0.0055434
-0.0056306
-0.00571518
-0.0057968
-0.00587757
-0.00596035
-0.00604653
-0.00613577
-0.00622887
-0.00632067
-0.00640857
-0.00649373
-0.00657598
-0.00665615
-0.00673751
-0.00682389
-0.00691187
-0.00700085
-0.00708894
-0.00717495
-0.00725861
-0.00734079
-0.00742671
-0.00751418
-0.0076029
-0.00769115
-0.00777584
-0.00786068
-0.00794514
-0.00803362
-0.00812434
-0.00821194
-0.00830121
-0.00838626
-0.00847333
-0.00856118
-0.00864624
-0.00873642
-0.00882309
-0.00891127
-0.00899789
-0.0090817
-0.00916684
-0.00924711
-0.00932692
-0.0093993
-0.00946265
-0.00391498
-0.00322611
-0.00236737
-0.00156221
-0.000917662
-0.000471202
-0.000228695
-0.000170512
-0.000257333
-0.000441847
-0.000679361
-0.000934114
-0.00118136
-0.0014063
-0.0016019
-0.00176615
-0.00190082
-0.00201039
-0.00210118
-0.0021799
-0.00225297
-0.00232565
-0.00240184
-0.00248392
-0.00257289
-0.00266895
-0.00277165
-0.00288035
-0.00299372
-0.00311044
-0.00322874
-0.00334758
-0.00346572
-0.0035828
-0.00369806
-0.00381126
-0.00392184
-0.00402972
-0.00413455
-0.00423576
-0.00433336
-0.0044274
-0.00451881
-0.00460757
-0.00469496
-0.00478137
-0.00486936
-0.00495908
-0.00505137
-0.00514586
-0.00524177
-0.00533816
-0.0054322
-0.00552276
-0.00560899
-0.00569287
-0.00577518
-0.00585764
-0.00594247
-0.00603099
-0.00612212
-0.00621536
-0.0063075
-0.00639492
-0.00647921
-0.00656178
-0.00664311
-0.00672602
-0.00681284
-0.00690224
-0.00699147
-0.00707872
-0.00716471
-0.00724844
-0.00733192
-0.00741766
-0.00750609
-0.00759526
-0.00768333
-0.00776919
-0.00785358
-0.00793874
-0.00802638
-0.00811669
-0.00820482
-0.00829412
-0.00838082
-0.00846807
-0.00855609
-0.00864046
-0.00872946
-0.0088168
-0.00890551
-0.00899335
-0.00907753
-0.00916164
-0.00924185
-0.0093219
-0.00939446
-0.00945742
-0.00400374
-0.00331386
-0.0024535
-0.0016462
-0.000999248
-0.000550254
-0.000305177
-0.000244263
-0.000328133
-0.000509425
-0.000743636
-0.000995071
-0.00123903
-0.00146048
-0.00165227
-0.0018123
-0.00194256
-0.00204769
-0.00213412
-0.00220847
-0.00227694
-0.0023447
-0.00241571
-0.00249269
-0.0025768
-0.00266835
-0.00276664
-0.00287106
-0.00298033
-0.0030935
-0.00320882
-0.00332528
-0.00344151
-0.00355725
-0.00367178
-0.00378458
-0.00389499
-0.0040026
-0.00410743
-0.00420869
-0.00430654
-0.00440052
-0.00449205
-0.00458126
-0.00466999
-0.00475845
-0.00484846
-0.00494069
-0.00503523
-0.00513174
-0.00522848
-0.00532472
-0.00541827
-0.0055084
-0.00559384
-0.00567723
-0.00576029
-0.00584454
-0.00593131
-0.00602136
-0.00611404
-0.00620676
-0.00629849
-0.00638588
-0.00646959
-0.00655247
-0.0066346
-0.006719
-0.00680599
-0.0068959
-0.00698565
-0.00707232
-0.00715803
-0.00724179
-0.00732646
-0.0074118
-0.00750058
-0.0075901
-0.00767785
-0.00776484
-0.00784907
-0.00793501
-0.0080218
-0.0081112
-0.00819992
-0.00828862
-0.00837712
-0.0084649
-0.00855271
-0.00863692
-0.0087242
-0.00881204
-0.00890121
-0.00898991
-0.00907526
-0.0091581
-0.00923759
-0.00931811
-0.00939119
-0.00945465
-0.00407272
-0.0033812
-0.00251887
-0.00170939
-0.0010602
-0.000609003
-0.000361837
-0.000298776
-0.000380316
-0.000558974
-0.00079039
-0.001039
-0.00128019
-0.00149882
-0.00168752
-0.00184417
-0.0019708
-0.0020723
-0.00215507
-0.00222573
-0.00229025
-0.00235387
-0.00242057
-0.00249338
-0.0025735
-0.00266129
-0.00275587
-0.00285675
-0.0029628
-0.00307327
-0.00318639
-0.00330104
-0.00341595
-0.00353073
-0.00364475
-0.00375714
-0.0038672
-0.00397416
-0.00407839
-0.00417917
-0.00427678
-0.00437055
-0.00446197
-0.00455173
-0.0046416
-0.00473208
-0.00482416
-0.00491856
-0.00501522
-0.00511349
-0.00521121
-0.0053075
-0.00540065
-0.00549079
-0.0055762
-0.0056595
-0.0057435
-0.0058292
-0.00591791
-0.00600896
-0.00610292
-0.00619574
-0.00628677
-0.00637462
-0.00645807
-0.00654154
-0.00662439
-0.00671028
-0.00679788
-0.00688788
-0.00697818
-0.00706472
-0.00715049
-0.00723382
-0.00731999
-0.00740514
-0.00749384
-0.00758406
-0.00767125
-0.00775965
-0.00784365
-0.00793052
-0.00801733
-0.00810516
-0.00819479
-0.00828277
-0.00837247
-0.0084615
-0.00854862
-0.00863348
-0.00871926
-0.00880688
-0.00889696
-0.00898573
-0.00907256
-0.00915488
-0.00923317
-0.00931405
-0.0093877
-0.00945169
-0.00415031
-0.00345866
-0.00259579
-0.00178536
-0.00113497
-0.000682425
-0.000433874
-0.000369366
-0.000449302
-0.00062614
-0.000855542
-0.00110209
-0.00134122
-0.00155779
-0.00174423
-0.00189834
-0.00202215
-0.00212071
-0.00220045
-0.00226805
-0.00232932
-0.0023895
-0.00245258
-0.00252172
-0.00259822
-0.00268247
-0.00277363
-0.00287123
-0.00297431
-0.00308212
-0.00319302
-0.00330571
-0.00341895
-0.00353222
-0.00364493
-0.00375603
-0.00386468
-0.00397
-0.00407244
-0.00417159
-0.00426772
-0.00436028
-0.00445057
-0.0045396
-0.00462914
-0.00471991
-0.00481259
-0.0049077
-0.00500511
-0.00510405
-0.00520212
-0.00529834
-0.00539115
-0.00548099
-0.00556646
-0.00564964
-0.0057341
-0.00582041
-0.00591002
-0.00600165
-0.00609587
-0.00618904
-0.00627933
-0.00636727
-0.00645061
-0.0065342
-0.00661732
-0.00670356
-0.00679179
-0.00688154
-0.00697223
-0.00705864
-0.00714462
-0.00722758
-0.00731409
-0.00739964
-0.0074876
-0.00757856
-0.00766523
-0.00775431
-0.00783873
-0.00792563
-0.00801314
-0.00809971
-0.00818978
-0.00827752
-0.00836717
-0.00845767
-0.00854437
-0.00862967
-0.0087149
-0.00880168
-0.00889245
-0.00898115
-0.00906896
-0.00915162
-0.00922878
-0.00930948
-0.00938297
-0.00944624
)
;

boundaryField
{
    zeroGradientPlanes
    {
        type            zeroGradient;
    }
    inlet
    {
        type            zeroGradient;
    }
    plate
    {
        type            zeroGradient;
    }
    frontAndBack
    {
        type            empty;
    }
}


// ************************************************************************* //
