/*--------------------------------*- C++ -*----------------------------------*\
| =========                 |                                                 |
| \\      /  F ield         | OpenFOAM: The Open Source CFD Toolbox           |
|  \\    /   O peration     | Version:  v2106                                 |
|   \\  /    A nd           | Website:  www.openfoam.com                      |
|    \\/     M anipulation  |                                                 |
\*---------------------------------------------------------------------------*/
FoamFile
{
    version     2.0;
    format      ascii;
    arch        "LSB;label=32;scalar=64";
    class       volScalarField;
    location    "1.1";
    object      p;
}
// * * * * * * * * * * * * * * * * * * * * * * * * * * * * * * * * * * * * * //

dimensions      [0 2 -2 0 0 0 0];

internalField   nonuniform List<scalar> 
4800
(
1.91942e-10
-0.000111625
-0.000240165
-0.000307566
-0.000438609
-0.000500863
-0.00057604
-0.000628125
-0.000624949
-0.000615055
-0.000606315
-0.000566184
-0.000473924
-0.000332927
-0.000153954
0.000117164
0.000481901
0.000986687
0.00162314
0.00233744
4.17325e-06
-0.000115525
-0.000238188
-0.000309579
-0.000430072
-0.000502604
-0.000567348
-0.000629918
-0.000621726
-0.000615388
-0.000597661
-0.000567149
-0.000468513
-0.000336005
-0.000147134
0.000110339
0.000491867
0.000935622
0.00141303
0.00194484
6.08694e-06
-0.00011762
-0.000237252
-0.000310075
-0.00042827
-0.000503127
-0.000564364
-0.000629759
-0.00062118
-0.000613331
-0.00059616
-0.000565214
-0.000466446
-0.000336886
-0.000149561
9.38561e-05
0.000436932
0.00081967
0.00120725
0.00165756
9.65582e-06
-0.000120273
-0.000235803
-0.000310637
-0.000423207
-0.000502438
-0.000561543
-0.000626326
-0.000623535
-0.000608415
-0.00059455
-0.000559832
-0.0004624
-0.000335228
-0.000159991
7.15755e-05
0.000373763
0.000683242
0.00100009
0.00140951
1.30569e-05
-0.000122176
-0.000235671
-0.000309929
-0.000421428
-0.000500073
-0.000561447
-0.000622251
-0.000624691
-0.000604308
-0.000589303
-0.000554071
-0.000460408
-0.000338468
-0.000180008
2.54864e-05
0.000270348
0.000507618
0.000800949
0.00118462
1.6368e-05
-0.000122892
-0.000236189
-0.00030784
-0.000420533
-0.000495646
-0.000560065
-0.000620158
-0.000620778
-0.000599921
-0.000583358
-0.000549438
-0.000460513
-0.000349517
-0.00021036
-5.07459e-05
0.000114289
0.000342668
0.000624146
0.000981121
1.93381e-05
-0.000121409
-0.000238283
-0.000304731
-0.000420725
-0.000492525
-0.000555714
-0.000617871
-0.000617041
-0.000594047
-0.000578506
-0.00054565
-0.000465585
-0.000372275
-0.000277696
-0.000184143
-2.08001e-05
0.000202543
0.000462687
0.000784849
2.16892e-05
-0.000117545
-0.000240847
-0.000302765
-0.000417967
-0.000492402
-0.000549912
-0.000610454
-0.000612905
-0.000589248
-0.00057442
-0.000546251
-0.00048057
-0.000428952
-0.000395031
-0.000292695
-0.000126899
7.25694e-05
0.000297923
0.00058481
2.30364e-05
-0.000110496
-0.000242077
-0.000304465
-0.000411706
-0.000490253
-0.000545651
-0.000600969
-0.000606802
-0.000586483
-0.00057537
-0.000561212
-0.000526889
-0.000522829
-0.000483142
-0.00037558
-0.000228879
-6.5024e-05
0.000124139
0.000379348
2.40521e-05
-0.000103702
-0.000240032
-0.000307412
-0.000406876
-0.00048301
-0.000540954
-0.000593426
-0.000599786
-0.000586344
-0.000586343
-0.000601143
-0.000615468
-0.000596311
-0.000545452
-0.000455561
-0.000339473
-0.000211582
-5.7611e-05
0.000169987
2.44523e-05
-9.70289e-05
-0.000233897
-0.000306929
-0.000405506
-0.000475285
-0.000531001
-0.000587838
-0.000597664
-0.000592667
-0.000623404
-0.000679403
-0.000681153
-0.000648389
-0.00060867
-0.000545158
-0.000460476
-0.000366581
-0.000244827
-4.1759e-05
2.42756e-05
-8.99851e-05
-0.000225134
-0.000301033
-0.000405041
-0.00047218
-0.000517583
-0.000581401
-0.000607633
-0.000623326
-0.000681077
-0.000731196
-0.000729682
-0.000704571
-0.000681792
-0.00064578
-0.000591917
-0.000528658
-0.000435587
-0.000254378
2.42272e-05
-8.32235e-05
-0.000215836
-0.000289269
-0.000396751
-0.000475297
-0.000513355
-0.000575137
-0.000632443
-0.000682888
-0.00073236
-0.000771256
-0.000777678
-0.000767914
-0.000764888
-0.000755706
-0.000731091
-0.000695772
-0.00062841
-0.000466124
2.42145e-05
-7.46164e-05
-0.000206941
-0.000275977
-0.000378707
-0.000477131
-0.000527014
-0.000590444
-0.000664395
-0.000727334
-0.000777378
-0.000816382
-0.000833082
-0.000839422
-0.000856209
-0.000873042
-0.000876858
-0.000867563
-0.000822278
-0.000676635
2.47518e-05
-6.42723e-05
-0.000196512
-0.000266144
-0.00035601
-0.000470533
-0.000554612
-0.000637952
-0.00070145
-0.000756472
-0.00081568
-0.000865329
-0.00089615
-0.000918932
-0.000955188
-0.000997209
-0.00102841
-0.00104353
-0.00101751
-0.00088615
2.54017e-05
-5.31835e-05
-0.000180066
-0.000260155
-0.000343236
-0.000463799
-0.000579077
-0.000685703
-0.00075483
-0.000797316
-0.000852321
-0.000913742
-0.000963181
-0.00100506
-0.00106114
-0.00112735
-0.00118489
-0.0012226
-0.00121338
-0.00109392
2.92326e-05
-4.29457e-05
-0.000160848
-0.000251792
-0.000344826
-0.000468984
-0.000598921
-0.000725565
-0.000808431
-0.000851143
-0.000899341
-0.000965937
-0.00103425
-0.00109772
-0.00117403
-0.00126294
-0.00134544
-0.00140396
-0.00140962
-0.00130013
3.64231e-05
-3.18152e-05
-0.000144872
-0.000240109
-0.000351855
-0.000490382
-0.000623277
-0.000755492
-0.000855495
-0.000910512
-0.000958886
-0.00102748
-0.00111165
-0.00119711
-0.00129406
-0.00140387
-0.00150883
-0.00158693
-0.00160621
-0.00150542
4.62552e-05
-1.77228e-05
-0.000132001
-0.000235096
-0.000359212
-0.000518428
-0.000660032
-0.000787389
-0.000894357
-0.000967487
-0.00102535
-0.00109921
-0.00119644
-0.00130313
-0.00142104
-0.00155039
-0.00167509
-0.0017712
-0.00180301
-0.00170967
5.83313e-05
-3.58948e-07
-0.000120196
-0.000239977
-0.000371891
-0.000545009
-0.000702308
-0.000829315
-0.000935769
-0.00102168
-0.00109478
-0.00117841
-0.00128918
-0.00141538
-0.00155342
-0.00170155
-0.00184431
-0.00195667
-0.00199981
-0.00191262
7.29876e-05
1.79291e-05
-0.000109458
-0.000252752
-0.000396033
-0.000570238
-0.000739817
-0.000875978
-0.000984096
-0.00107894
-0.00116695
-0.00126385
-0.00138891
-0.00153386
-0.00169088
-0.00185673
-0.00201604
-0.00214269
-0.00219593
-0.00211388
9.00767e-05
3.50776e-05
-0.000100686
-0.00026795
-0.000429637
-0.000602487
-0.000775646
-0.000922343
-0.00103856
-0.00114224
-0.00124369
-0.0013553
-0.00149521
-0.00165762
-0.00183303
-0.00201537
-0.00218934
-0.00232861
-0.00239083
-0.00231321
0.000108343
5.07229e-05
-9.5491e-05
-0.000284245
-0.00046637
-0.000643484
-0.000816178
-0.00096889
-0.00109558
-0.00121154
-0.00132626
-0.00145214
-0.00160713
-0.00178598
-0.00197896
-0.00217645
-0.00236332
-0.00251379
-0.00258386
-0.00250989
0.000126858
6.44821e-05
-9.45619e-05
-0.000301759
-0.000504035
-0.000689371
-0.000862957
-0.00102028
-0.00115571
-0.00128482
-0.00141515
-0.00155473
-0.00172383
-0.00191839
-0.00212755
-0.00233971
-0.00253789
-0.00269773
-0.00277471
-0.00270354
0.000144174
7.5524e-05
-9.63877e-05
-0.000320592
-0.000542085
-0.000739094
-0.000916102
-0.00107748
-0.00122097
-0.00136181
-0.00150872
-0.00166287
-0.00184552
-0.00205496
-0.00227813
-0.00250374
-0.00271195
-0.00287961
-0.00296246
-0.0028938
0.00015908
8.37786e-05
-0.000100948
-0.000341023
-0.000580653
-0.000791271
-0.000974238
-0.00114056
-0.00129235
-0.00144377
-0.00160601
-0.00177605
-0.00197099
-0.00219432
-0.00243047
-0.0026677
-0.00288536
-0.0030592
-0.00314637
-0.00307976
0.000170648
8.86459e-05
-0.000108107
-0.000362975
-0.000619499
-0.000845073
-0.00103755
-0.00120903
-0.00136866
-0.00153163
-0.00170776
-0.00189322
-0.00209986
-0.00233509
-0.00258372
-0.00283044
-0.00305639
-0.00323573
-0.0033262
-0.0032613
0.000178451
8.98989e-05
-0.00011832
-0.000386535
-0.000658942
-0.00090005
-0.00110405
-0.00128327
-0.00145039
-0.00162387
-0.00181371
-0.00201349
-0.00223166
-0.00247643
-0.00273561
-0.00299154
-0.00322451
-0.003409
-0.00350179
-0.00343759
0.000181591
8.67343e-05
-0.000131745
-0.000411911
-0.000698862
-0.000955668
-0.00117259
-0.00136159
-0.00153773
-0.0017203
-0.00192218
-0.00213642
-0.00236568
-0.00261853
-0.0028862
-0.00315013
-0.00338894
-0.00357743
-0.00367245
-0.00360858
0.000179594
7.96487e-05
-0.000148009
-0.000439442
-0.000739304
-0.00101122
-0.00124263
-0.00144253
-0.00162936
-0.00182116
-0.00203231
-0.00226031
-0.00250048
-0.00276052
-0.00303452
-0.00330498
-0.00354963
-0.00374094
-0.00383706
-0.00377314
0.000172363
6.76562e-05
-0.000167451
-0.000468711
-0.000780541
-0.00106663
-0.0013132
-0.00152488
-0.00172199
-0.00192551
-0.00214537
-0.00238326
-0.00263477
-0.00290178
-0.0031805
-0.00345521
-0.00370469
-0.0038991
-0.00399582
-0.00393111
0.00015948
5.12718e-05
-0.000189976
-0.0005
-0.000822539
-0.00112061
-0.00138175
-0.00160923
-0.00181674
-0.00202947
-0.00225923
-0.00250587
-0.00276726
-0.0030403
-0.00332223
-0.00360069
-0.0038531
-0.0040497
-0.0041477
-0.00408235
0.000140597
2.96573e-05
-0.000215334
-0.000531978
-0.00086376
-0.00117417
-0.00144847
-0.00169037
-0.00191195
-0.00213354
-0.00237207
-0.00262732
-0.00289524
-0.00317491
-0.00346089
-0.00374121
-0.00399468
-0.00419203
-0.00429104
-0.00422562
0.00011605
3.51902e-06
-0.000244087
-0.000564473
-0.000902975
-0.00122531
-0.00151288
-0.00176781
-0.00200371
-0.00223662
-0.00248297
-0.00274603
-0.00301923
-0.00330328
-0.00359298
-0.00387452
-0.00412939
-0.0043271
-0.00442571
-0.00435969
8.56089e-05
-2.77008e-05
-0.000274528
-0.000596465
-0.000940197
-0.00127142
-0.00157253
-0.00184233
-0.00209098
-0.00233457
-0.00258915
-0.00285966
-0.00313866
-0.00342559
-0.00371754
-0.00400063
-0.00425598
-0.0044536
-0.00455157
-0.00448404
5.052e-05
-6.26473e-05
-0.000306988
-0.000627183
-0.000973538
-0.00131255
-0.00162585
-0.00190876
-0.0021714
-0.00242701
-0.00268921
-0.00296672
-0.00325136
-0.00354032
-0.00383312
-0.00411759
-0.00437382
-0.00457158
-0.00466797
-0.00459823
1.10945e-05
-0.000100757
-0.000340639
-0.000656111
-0.00100117
-0.00134658
-0.0016715
-0.00196521
-0.0022416
-0.00251209
-0.00278042
-0.00306197
-0.00335323
-0.00364624
-0.00393935
-0.00422259
-0.00447888
-0.00467784
-0.00477437
-0.00470291
-2.95288e-05
-0.000140436
-0.000373876
-0.000683354
-0.00102678
-0.00137318
-0.00170645
-0.00201432
-0.00229903
-0.00258063
-0.00286105
-0.00314585
-0.00344044
-0.00373694
-0.00403164
-0.00431417
-0.00457006
-0.00476912
-0.00486506
-0.0047934
-6.68751e-05
-0.000175601
-0.000403936
-0.000706322
-0.00104674
-0.00139414
-0.00173051
-0.00204889
-0.00234347
-0.00263039
-0.00292155
-0.00321137
-0.0035061
-0.00380416
-0.00409934
-0.00438295
-0.00463718
-0.00483322
-0.00492687
-0.00485519
-0.000103151
-0.000212633
-0.000436395
-0.000733303
-0.00107102
-0.00141955
-0.00175856
-0.00208451
-0.00238832
-0.00267933
-0.00297753
-0.00327298
-0.00356756
-0.00386564
-0.00416021
-0.00444253
-0.00469219
-0.00488216
-0.00497043
-0.00489389
0.00312344
0.00332712
0.00321762
0.00309982
0.00300193
0.00286484
0.00265019
0.00236477
0.00203193
0.00167332
0.00130924
0.000953359
0.000605025
0.000257224
-9.51999e-05
-0.000458368
-0.000841488
-0.00125565
-0.00171232
-0.00222503
-0.00280167
-0.0034445
-0.0041487
-0.00490112
-0.0056692
-0.00639522
-0.00699431
-0.00738073
-0.00751303
-0.00740748
-0.00714062
-0.00680051
-0.00646012
-0.0061601
-0.00591407
-0.00572933
-0.00560436
-0.00553467
-0.00550741
-0.00551384
-0.00554543
-0.00559066
-0.00564575
-0.00570893
-0.00578134
-0.00585494
-0.00592947
-0.00600751
-0.00608559
-0.00616231
-0.00623767
-0.0063175
-0.00639286
-0.00646365
-0.00653705
-0.00661349
-0.00669185
-0.0067668
-0.00684707
-0.00692538
-0.00699797
-0.00707661
-0.00715284
-0.00722981
-0.00731018
-0.00738811
-0.00746868
-0.00754784
-0.00762862
-0.00770756
-0.00778636
-0.00786995
-0.00794646
-0.00802895
-0.00811645
-0.00819196
-0.008274
-0.00835666
-0.00843032
-0.00851372
-0.00859446
-0.0086642
-0.0087431
-0.0088165
-0.00887998
-0.00895912
-0.0090358
-0.00909022
-0.00915127
-0.00922666
-0.00929131
-0.00934313
-0.00940372
-0.00946621
-0.00952081
-0.00957595
-0.00962927
-0.00967935
-0.00972288
-0.00976378
0.00252535
0.0029563
0.00311137
0.00308276
0.00298345
0.00283184
0.00261352
0.00233197
0.00200372
0.0016477
0.00128456
0.000929268
0.000581634
0.000234508
-0.000117084
-0.000479278
-0.000861243
-0.00127392
-0.00172846
-0.00223771
-0.00280979
-0.003447
-0.00414354
-0.00488488
-0.00564031
-0.00635506
-0.00694897
-0.00733999
-0.00748145
-0.00738461
-0.00712414
-0.00678806
-0.00644967
-0.00615152
-0.00590698
-0.00572327
-0.00559895
-0.00552977
-0.00550284
-0.00550957
-0.00554144
-0.00558688
-0.00564217
-0.00570553
-0.0057782
-0.00585198
-0.00592667
-0.00600493
-0.00608318
-0.00616004
-0.00623551
-0.00631555
-0.00639104
-0.00646193
-0.00653548
-0.00661202
-0.00669048
-0.00676549
-0.00684586
-0.00692425
-0.00699687
-0.0070756
-0.00715189
-0.00722891
-0.00730933
-0.00738729
-0.0074679
-0.00754709
-0.00762792
-0.0077069
-0.00778571
-0.00786937
-0.00794587
-0.00802838
-0.00811597
-0.00819146
-0.00827353
-0.00835625
-0.00842989
-0.00851334
-0.00859413
-0.00866385
-0.0087428
-0.00881623
-0.00887969
-0.00895888
-0.0090356
-0.00909001
-0.00915106
-0.0092265
-0.00929117
-0.00934298
-0.00940359
-0.00946611
-0.0095207
-0.00957586
-0.00962919
-0.00967929
-0.00972282
-0.00976374
0.00220501
0.00274034
0.003056
0.00311578
0.00301826
0.00283913
0.00259997
0.00231035
0.00198053
0.00162382
0.00125917
0.000902318
0.000553712
0.000205714
-0.000146367
-0.000508265
-0.000889407
-0.00130087
-0.00175313
-0.00225762
-0.00282216
-0.00344929
-0.00413152
-0.00485134
-0.00557938
-0.00626614
-0.00684048
-0.00722733
-0.00738304
-0.00731282
-0.00707852
-0.006761
-0.00643384
-0.00614214
-0.00590298
-0.00572343
-0.00560131
-0.00553278
-0.00550569
-0.00551182
-0.00554299
-0.00558781
-0.00564261
-0.00570551
-0.0057778
-0.00585134
-0.00592584
-0.00600388
-0.00608197
-0.00615875
-0.00623405
-0.00631389
-0.00638935
-0.0064603
-0.00653389
-0.00661051
-0.00668903
-0.00676402
-0.00684441
-0.00692281
-0.00699545
-0.0070743
-0.00715065
-0.00722775
-0.00730826
-0.00738623
-0.0074669
-0.00754612
-0.00762699
-0.00770603
-0.00778489
-0.00786862
-0.00794514
-0.00802768
-0.00811531
-0.00819082
-0.00827295
-0.00835571
-0.00842935
-0.00851285
-0.00859367
-0.00866341
-0.00874241
-0.00881588
-0.00887933
-0.00895857
-0.00903533
-0.00908974
-0.00915082
-0.0092263
-0.00929098
-0.0093428
-0.00940343
-0.00946598
-0.00952058
-0.00957576
-0.0096291
-0.00967923
-0.00972286
-0.0097638
0.00193655
0.00251095
0.00292193
0.00306957
0.00300818
0.00282602
0.00257199
0.00227247
0.00193974
0.00158325
0.00121903
0.000862521
0.000514271
0.000166184
-0.000185816
-0.000547003
-0.000926939
-0.00133627
-0.00178511
-0.00228293
-0.00283695
-0.00345007
-0.00411287
-0.00480724
-0.0055041
-0.00615931
-0.00671082
-0.00709251
-0.00726392
-0.00722383
-0.00702076
-0.00672673
-0.0064142
-0.00613103
-0.00589742
-0.00572163
-0.00560134
-0.00553336
-0.00550611
-0.00551154
-0.00554188
-0.0055861
-0.00564055
-0.00570307
-0.00577501
-0.00584847
-0.00592293
-0.00600085
-0.0060789
-0.00615579
-0.00623098
-0.00631055
-0.00638608
-0.00645728
-0.00653106
-0.0066079
-0.00668654
-0.00676163
-0.00684208
-0.00692047
-0.00699321
-0.00707223
-0.00714872
-0.00722597
-0.0073066
-0.00738464
-0.00746537
-0.00754461
-0.0076255
-0.00770458
-0.00778354
-0.00786738
-0.00794394
-0.00802646
-0.00811409
-0.00818963
-0.00827186
-0.00835467
-0.00842828
-0.00851179
-0.00859266
-0.00866243
-0.00874149
-0.00881505
-0.00887852
-0.00895774
-0.00903457
-0.00908909
-0.0091502
-0.00922568
-0.00929041
-0.0093423
-0.00940298
-0.00946558
-0.0095202
-0.00957543
-0.00962883
-0.00967901
-0.00972288
-0.00976389
0.0016923
0.00227883
0.00275286
0.00298276
0.00297941
0.00281423
0.00255493
0.00224512
0.00190509
0.00154478
0.00117881
0.000822074
0.000474212
0.00012632
-0.000225399
-0.000585876
-0.00096442
-0.00137096
-0.00181571
-0.002306
-0.00284782
-0.0034448
-0.00408586
-0.00475226
-0.00541735
-0.0060418
-0.00657138
-0.00694798
-0.00713389
-0.0071231
-0.00695317
-0.00668608
-0.00639114
-0.00611812
-0.00589021
-0.00571788
-0.00559947
-0.00553241
-0.0055055
-0.00551057
-0.00554026
-0.00558402
-0.00563824
-0.00570039
-0.00577195
-0.00584535
-0.00591972
-0.00599749
-0.00607549
-0.00615247
-0.0062275
-0.00630661
-0.00638215
-0.00645361
-0.00652759
-0.00660465
-0.00668342
-0.00675859
-0.00683902
-0.00691734
-0.00699018
-0.00706939
-0.00714609
-0.00722347
-0.00730425
-0.00738244
-0.00746316
-0.00754244
-0.00762334
-0.00770243
-0.00778156
-0.00786552
-0.00794211
-0.00802461
-0.00811218
-0.00818778
-0.00827014
-0.00835302
-0.00842657
-0.00851006
-0.008591
-0.00866081
-0.00873991
-0.00881366
-0.00887719
-0.00895626
-0.00903317
-0.00908797
-0.00914912
-0.00922453
-0.00928935
-0.0093414
-0.00940214
-0.0094648
-0.00951948
-0.00957477
-0.00962829
-0.00967853
-0.00972277
-0.00976392
0.00146462
0.00205151
0.00257264
0.00287282
0.00293315
0.00280079
0.00254709
0.00222835
0.0018769
0.00150815
0.0011373
0.000778811
0.000431083
8.37349e-05
-0.000267389
-0.000626717
-0.00100322
-0.00140615
-0.00184564
-0.00232758
-0.00285601
-0.00343524
-0.0040537
-0.00469203
-0.00532607
-0.00592122
-0.00643004
-0.00680114
-0.00699968
-0.00701632
-0.00687947
-0.00664108
-0.006366
-0.00610469
-0.00588288
-0.00571388
-0.00559725
-0.00553107
-0.00550461
-0.00550945
-0.00553854
-0.00558187
-0.00563585
-0.00569761
-0.00576871
-0.00584206
-0.00591634
-0.00599387
-0.0060718
-0.00614888
-0.00622364
-0.00630214
-0.00637769
-0.00644948
-0.00652362
-0.0066009
-0.00667983
-0.00675505
-0.00683543
-0.00691368
-0.00698659
-0.00706602
-0.00714302
-0.00722051
-0.00730143
-0.00737979
-0.00746047
-0.00753981
-0.00762068
-0.00769975
-0.00777911
-0.0078632
-0.00793983
-0.00802226
-0.00810973
-0.00818539
-0.00826788
-0.00835085
-0.00842433
-0.00850773
-0.00858876
-0.00865864
-0.00873769
-0.00881173
-0.00887536
-0.00895414
-0.00903113
-0.00908639
-0.00914756
-0.0092228
-0.00928776
-0.00934008
-0.00940084
-0.00946359
-0.00951837
-0.00957374
-0.00962742
-0.00967778
-0.00972248
-0.00976382
0.00124234
0.0018284
0.00238563
0.0027451
0.00286733
0.00277677
0.00253815
0.00221556
0.00185256
0.0014726
0.00109388
0.000731545
0.000383362
3.69779e-05
-0.000313025
-0.000670321
-0.00104382
-0.00144247
-0.00187557
-0.00234829
-0.00286272
-0.00342293
-0.00401812
-0.00462881
-0.00523251
-0.00579947
-0.00628846
-0.00665344
-0.00686216
-0.00690373
-0.00679927
-0.00659099
-0.00633798
-0.00609003
-0.00587513
-0.00570952
-0.00559448
-0.00552906
-0.00550303
-0.00550767
-0.00553627
-0.00557925
-0.00563304
-0.00569444
-0.00576509
-0.00583843
-0.00591265
-0.0059899
-0.00606769
-0.00614487
-0.00621933
-0.00629712
-0.00637273
-0.00644489
-0.00651921
-0.00659677
-0.00667586
-0.00675114
-0.00683145
-0.00690967
-0.00698263
-0.00706223
-0.0071396
-0.0072173
-0.00729832
-0.00737683
-0.00745749
-0.00753685
-0.00761771
-0.00769676
-0.00777635
-0.00786061
-0.00793725
-0.00801958
-0.00810694
-0.00818269
-0.00826527
-0.00834836
-0.00842176
-0.00850502
-0.00858614
-0.00865611
-0.00873508
-0.00880944
-0.00887321
-0.00895158
-0.00902867
-0.00908451
-0.00914567
-0.00922066
-0.0092858
-0.00933845
-0.00939922
-0.00946207
-0.00951698
-0.00957243
-0.00962631
-0.00967681
-0.00972201
-0.00976358
0.00101969
0.00160644
0.0021937
0.00260414
0.00278332
0.00273877
0.00252232
0.00220245
0.00183089
0.00143887
0.00104996
0.00068143
0.000331433
-1.39072e-05
-0.000362221
-0.000716869
-0.00108645
-0.00148005
-0.0019057
-0.00236797
-0.0028676
-0.00340773
-0.00397899
-0.00456264
-0.00513715
-0.00567679
-0.00614629
-0.00650436
-0.00672116
-0.00678514
-0.00671181
-0.00653454
-0.0063055
-0.00607284
-0.00586616
-0.00570456
-0.00559101
-0.00552618
-0.00550058
-0.00550499
-0.00553316
-0.00557589
-0.0056296
-0.00569073
-0.00576095
-0.00583431
-0.00590851
-0.00598551
-0.00606314
-0.00614041
-0.00621461
-0.00629163
-0.00636726
-0.0064399
-0.00651446
-0.00659227
-0.00667157
-0.00674693
-0.00682709
-0.0069053
-0.00697841
-0.00705814
-0.00713587
-0.00721386
-0.00729498
-0.00737361
-0.00745423
-0.00753364
-0.0076145
-0.00769352
-0.00777334
-0.00785779
-0.00793445
-0.00801664
-0.00810389
-0.00817977
-0.00826243
-0.0083456
-0.00841895
-0.00850205
-0.00858326
-0.00865332
-0.00873219
-0.00880692
-0.00887083
-0.00894875
-0.00902593
-0.00908242
-0.00914356
-0.00921826
-0.00928361
-0.00933662
-0.00939739
-0.00946034
-0.00951541
-0.00957092
-0.00962505
-0.00967571
-0.00972139
-0.00976326
0.000795842
0.00138501
0.00199874
0.00245361
0.00268396
0.00268524
0.00249668
0.00218549
0.00181002
0.00140745
0.001007
0.000629808
0.000275826
-6.9075e-05
-0.0004152
-0.000766586
-0.00113116
-0.00151852
-0.00193551
-0.00238583
-0.00286972
-0.00338929
-0.0039364
-0.00449363
-0.00504008
-0.00555318
-0.00600329
-0.0063537
-0.00657681
-0.0066607
-0.00661678
-0.00647092
-0.00626779
-0.00605256
-0.00585579
-0.00569903
-0.00558709
-0.00552256
-0.00549724
-0.00550135
-0.00552903
-0.00557159
-0.00562535
-0.0056864
-0.00575627
-0.00582968
-0.005904
-0.00598082
-0.00605825
-0.0061356
-0.00620958
-0.0062858
-0.00636135
-0.0064345
-0.00650942
-0.00658746
-0.00666696
-0.00674241
-0.0068224
-0.0069006
-0.0069739
-0.00705382
-0.00713185
-0.0072101
-0.00729143
-0.0073702
-0.00745069
-0.00753015
-0.00761107
-0.00769005
-0.00777008
-0.00785473
-0.00793144
-0.00801347
-0.00810059
-0.00817664
-0.00825939
-0.0083426
-0.00841589
-0.00849886
-0.00858017
-0.00865034
-0.00872906
-0.00880416
-0.00886828
-0.00894569
-0.00902295
-0.00908017
-0.00914128
-0.00921564
-0.00928123
-0.00933464
-0.0093954
-0.00945844
-0.0095137
-0.00956927
-0.00962366
-0.00967451
-0.00972067
-0.00976289
0.00057229
0.00116539
0.0018028
0.0022965
0.00257257
0.0026174
0.00245956
0.0021619
0.00178737
0.00137753
0.000965479
0.000577742
0.000217867
-0.000127636
-0.000471307
-0.000818681
-0.00117737
-0.00155742
-0.00196466
-0.00240165
-0.00286889
-0.00336787
-0.00389093
-0.0044221
-0.0049413
-0.00542858
-0.00585963
-0.00620176
-0.00642956
-0.00653111
-0.00651463
-0.00639996
-0.00622428
-0.00602864
-0.00584352
-0.00569261
-0.00558267
-0.00551832
-0.00549304
-0.00549675
-0.00552385
-0.00556632
-0.00562033
-0.00568148
-0.00575116
-0.00582466
-0.00589913
-0.00597582
-0.00605301
-0.00613039
-0.00620409
-0.00627954
-0.00635504
-0.00642865
-0.00650396
-0.00658235
-0.0066621
-0.00673762
-0.0068174
-0.00689555
-0.00696902
-0.00704921
-0.0071276
-0.00720601
-0.00728757
-0.00736659
-0.00744692
-0.00752635
-0.00760737
-0.00768636
-0.00776657
-0.00785142
-0.00792821
-0.00801008
-0.00809702
-0.00817326
-0.00825616
-0.00833941
-0.00841259
-0.0084954
-0.00857686
-0.00864717
-0.00872568
-0.00880116
-0.00886558
-0.00894241
-0.00901973
-0.00907776
-0.00913884
-0.00921282
-0.00927867
-0.0093325
-0.00939327
-0.0094564
-0.00951186
-0.0095675
-0.00962216
-0.00967322
-0.00971983
-0.00976246
0.00034971
0.000947899
0.00160688
0.00213427
0.00245093
0.00253633
0.00240991
0.00212952
0.00176022
0.00134749
0.000925742
0.000526549
0.000159296
-0.000188373
-0.000530106
-0.000873004
-0.00122527
-0.00159705
-0.00199329
-0.00241574
-0.0028654
-0.00334363
-0.0038428
-0.00434814
-0.00484075
-0.00530313
-0.00571566
-0.00604913
-0.00628015
-0.00639721
-0.00640604
-0.00632157
-0.0061742
-0.00600014
-0.00582866
-0.00568495
-0.00557776
-0.00551373
-0.00548823
-0.00549134
-0.00551773
-0.00556002
-0.00561435
-0.00567575
-0.00574537
-0.00581907
-0.00589374
-0.00597035
-0.00604735
-0.00612479
-0.00619822
-0.00627293
-0.00634841
-0.00642247
-0.00649809
-0.00657677
-0.00665692
-0.00673248
-0.00681195
-0.00689014
-0.00696375
-0.00704422
-0.00712313
-0.00720166
-0.00728333
-0.00736269
-0.00744292
-0.00752228
-0.00760337
-0.00768236
-0.00776282
-0.0078479
-0.00792473
-0.00800643
-0.00809322
-0.00816959
-0.00825265
-0.00833604
-0.00840909
-0.00849166
-0.00857331
-0.0086438
-0.00872205
-0.00879793
-0.00886271
-0.00893891
-0.00901625
-0.00907517
-0.00913625
-0.00920979
-0.00927593
-0.00933021
-0.00939097
-0.0094542
-0.0095099
-0.0095656
-0.00962055
-0.00967185
-0.00971888
-0.00976194
0.000128578
0.000732622
0.00141141
0.00196815
0.00232004
0.00244265
0.00234749
0.00208701
0.00172652
0.0013151
0.000887139
0.00047697
0.000100849
-0.000250625
-0.000591422
-0.000929682
-0.0012748
-0.00163727
-0.00202143
-0.00242847
-0.0028597
-0.00331676
-0.00379211
-0.00427197
-0.00473899
-0.00517759
-0.00557198
-0.00589649
-0.0061294
-0.00625964
-0.00629153
-0.00623587
-0.00611715
-0.00596639
-0.00581065
-0.00567583
-0.00557232
-0.00550883
-0.00548283
-0.00548494
-0.00551043
-0.0055525
-0.00560713
-0.00566898
-0.00573886
-0.00581286
-0.0058879
-0.00596455
-0.00604141
-0.00611887
-0.0061919
-0.00626587
-0.00634125
-0.00641579
-0.00649173
-0.00657061
-0.00665137
-0.00672715
-0.0068061
-0.00688434
-0.00695814
-0.00703874
-0.00711831
-0.00719708
-0.00727872
-0.00735842
-0.00743867
-0.00751797
-0.00759908
-0.00767802
-0.00775873
-0.00784415
-0.00792103
-0.00800247
-0.00808913
-0.00816565
-0.00824886
-0.00833245
-0.0084054
-0.00848763
-0.00856946
-0.00864022
-0.00871816
-0.00879444
-0.00885965
-0.00893517
-0.00901251
-0.00907239
-0.00913348
-0.00920653
-0.00927301
-0.00932777
-0.00938851
-0.00945182
-0.00950779
-0.00956358
-0.00961882
-0.00967039
-0.00971781
-0.00976133
-9.0261e-05
0.000519741
0.00121656
0.00179899
0.00218132
0.00233791
0.00227355
0.00203452
0.00168539
0.001278
0.00084765
0.000428435
4.26795e-05
-0.000313487
-0.000654146
-0.00098812
-0.00132545
-0.00167769
-0.00204917
-0.00244018
-0.00285201
-0.00328728
-0.00373879
-0.00419371
-0.00463635
-0.00505223
-0.00542857
-0.00574382
-0.00597772
-0.00611906
-0.00617174
-0.00614336
-0.00605301
-0.00592675
-0.00578861
-0.00566432
-0.00556571
-0.00550333
-0.00547685
-0.00547771
-0.00550205
-0.00554379
-0.00559866
-0.00566116
-0.00573156
-0.00580603
-0.00588158
-0.00595826
-0.00603495
-0.00611243
-0.00618498
-0.0062582
-0.00633352
-0.00640869
-0.00648511
-0.00656403
-0.00664529
-0.00672146
-0.00679988
-0.00687804
-0.00695209
-0.00703281
-0.00711305
-0.00719227
-0.00727389
-0.00735379
-0.00743403
-0.00751334
-0.00759452
-0.00767339
-0.00775428
-0.00784012
-0.00791712
-0.00799823
-0.00808475
-0.00816143
-0.00824474
-0.00832858
-0.00840152
-0.00848331
-0.00856531
-0.00863641
-0.00871402
-0.00879067
-0.00885638
-0.0089312
-0.0090085
-0.00906941
-0.00913052
-0.00920302
-0.00926989
-0.00932518
-0.00938587
-0.00944925
-0.00950552
-0.00956144
-0.00961694
-0.0096688
-0.00971661
-0.00976061
-0.000307114
0.000308474
0.00102172
0.00162717
0.00203607
0.00222307
0.0021884
0.00197156
0.00163533
0.00123409
0.000805112
0.000380279
-1.4378e-05
-0.000375869
-0.000717181
-0.00104761
-0.00137698
-0.00171811
-0.00207631
-0.00245092
-0.0028427
-0.00325554
-0.00368324
-0.0041138
-0.00453321
-0.00492742
-0.00528564
-0.00559124
-0.00582587
-0.00597677
-0.00604749
-0.00604431
-0.00598156
-0.00588046
-0.0057616
-0.00564953
-0.00555738
-0.00549702
-0.00547039
-0.00546993
-0.00549268
-0.00553393
-0.00558893
-0.00565202
-0.00572323
-0.00579827
-0.00587442
-0.00595135
-0.00602793
-0.00610544
-0.00617763
-0.00625019
-0.00632531
-0.00640105
-0.00647805
-0.00655697
-0.00663857
-0.00671516
-0.00679325
-0.00687135
-0.0069457
-0.00702651
-0.00710728
-0.00718706
-0.00726881
-0.00734884
-0.00742891
-0.0075083
-0.00758973
-0.0076685
-0.00774949
-0.00783575
-0.00791292
-0.00799369
-0.00808006
-0.00815695
-0.00824036
-0.00832441
-0.00839736
-0.00847871
-0.00856089
-0.00863235
-0.00870958
-0.00878664
-0.00885291
-0.00892694
-0.00900418
-0.00906624
-0.00912737
-0.00919926
-0.00926657
-0.00932241
-0.00938304
-0.00944651
-0.00950309
-0.00955915
-0.00961494
-0.00966709
-0.00971526
-0.00975976
-0.000522336
9.81574e-05
0.000826314
0.00145287
0.0018855
0.00209888
0.00209197
0.00189775
0.00157595
0.001183
0.000758124
0.000331552
-7.01397e-05
-0.00043722
-0.000779838
-0.0011073
-0.00142905
-0.00175878
-0.0021027
-0.00246054
-0.0028322
-0.00322213
-0.0036261
-0.0040329
-0.00442981
-0.00480342
-0.00514394
-0.00543935
-0.00567423
-0.00583373
-0.00591964
-0.00593898
-0.0059031
-0.00582739
-0.0057289
-0.00563084
-0.00554683
-0.00548958
-0.00546326
-0.00546174
-0.00548251
-0.00552285
-0.00557794
-0.00564137
-0.00571348
-0.00578946
-0.00586656
-0.00594397
-0.00602048
-0.00609791
-0.00616966
-0.00624166
-0.00631645
-0.00639258
-0.00647045
-0.00654954
-0.00663147
-0.00670844
-0.00678612
-0.00686422
-0.00693888
-0.00701973
-0.00710109
-0.00718138
-0.00726331
-0.00734368
-0.00742353
-0.00750277
-0.00758456
-0.00766337
-0.00774432
-0.00783101
-0.00790842
-0.00798882
-0.00807505
-0.0081522
-0.00823571
-0.00831993
-0.00839288
-0.00847377
-0.00855618
-0.00862805
-0.00870478
-0.00878231
-0.00884926
-0.0089224
-0.00899953
-0.00906288
-0.00912403
-0.00919522
-0.00926301
-0.00931949
-0.00938001
-0.00944353
-0.0095005
-0.00955671
-0.00961275
-0.00966525
-0.00971377
-0.00975876
-0.000735322
-0.000110874
0.000630453
0.00127623
0.00173068
0.0019672
0.00198576
0.00181428
0.00150803
0.00112473
0.00070545
0.000280264
-0.000125597
-0.000497587
-0.000841527
-0.00116612
-0.0014806
-0.00179913
-0.00212818
-0.00246895
-0.002821
-0.00318781
-0.0035676
-0.00395119
-0.00432642
-0.0046805
-0.00500425
-0.00528876
-0.00552265
-0.00569012
-0.00578947
-0.00582834
-0.00581784
-0.00576753
-0.00568995
-0.00560746
-0.00553335
-0.00548053
-0.00545518
-0.00545287
-0.00547181
-0.00551062
-0.00556543
-0.00562929
-0.00570232
-0.00577955
-0.00585796
-0.00593597
-0.00601234
-0.00608952
-0.00616091
-0.00623251
-0.00630706
-0.00638364
-0.00646245
-0.00654184
-0.00662397
-0.00670098
-0.00677817
-0.00685652
-0.00693162
-0.00701247
-0.00709463
-0.00717547
-0.00725731
-0.00733805
-0.00741787
-0.00749681
-0.00757884
-0.00765796
-0.00773897
-0.00782592
-0.00790354
-0.0079836
-0.00806973
-0.00814718
-0.00823072
-0.00831511
-0.0083881
-0.00846851
-0.00855114
-0.00862348
-0.00869968
-0.00877768
-0.0088454
-0.00891754
-0.00899454
-0.00905932
-0.00912045
-0.0091909
-0.00925922
-0.00931638
-0.00937679
-0.00944033
-0.00949774
-0.0095541
-0.00961037
-0.00966329
-0.00971212
-0.00975759
-0.000946091
-0.000318621
0.000434302
0.00109739
0.00157209
0.00182961
0.00187077
0.00172115
0.00143106
0.00105842
0.000646303
0.000225092
-0.000181479
-0.00055665
-0.000901571
-0.00122348
-0.00153095
-0.00183848
-0.00215288
-0.00247624
-0.00280894
-0.0031532
-0.00350854
-0.00386905
-0.00422349
-0.00455889
-0.004867
-0.00514044
-0.00537172
-0.00554649
-0.00565826
-0.00571379
-0.00572588
-0.00570059
-0.0056447
-0.00557858
-0.00551595
-0.00546915
-0.00544556
-0.00544294
-0.00546039
-0.0054976
-0.00555185
-0.00561623
-0.00568998
-0.00576824
-0.00584801
-0.0059268
-0.00600335
-0.00608045
-0.00615159
-0.00622285
-0.0062972
-0.00637407
-0.00645357
-0.00653345
-0.00661598
-0.00669313
-0.00676965
-0.00684818
-0.00692409
-0.0070048
-0.00708753
-0.00716916
-0.00725087
-0.00733181
-0.00741187
-0.00749063
-0.00757267
-0.00765211
-0.00773335
-0.0078205
-0.00789819
-0.00797792
-0.00806402
-0.00814193
-0.00822542
-0.00830994
-0.00838304
-0.00846284
-0.00854574
-0.00861864
-0.00869422
-0.00877276
-0.00884135
-0.00891232
-0.00898912
-0.00905554
-0.00911666
-0.0091863
-0.00925522
-0.00931307
-0.00937336
-0.00943689
-0.00949479
-0.00955132
-0.00960777
-0.00966119
-0.00971034
-0.00975623
-0.00115514
-0.00052517
0.000237819
0.000916874
0.00141028
0.00168733
0.00174853
0.0016191
0.00134569
0.000984464
0.000580834
0.000165511
-0.000239048
-0.000614978
-0.000959923
-0.00127891
-0.00157944
-0.00187625
-0.00217688
-0.00248266
-0.00279557
-0.00311874
-0.00345031
-0.00378716
-0.00412127
-0.00443931
-0.00473274
-0.00499529
-0.00522233
-0.00540256
-0.00552628
-0.00559657
-0.00562797
-0.00562645
-0.00559315
-0.00554403
-0.00549362
-0.00545467
-0.00543416
-0.00543204
-0.00544858
-0.00548404
-0.00553717
-0.00560172
-0.00567619
-0.00575521
-0.00583641
-0.00591668
-0.00599373
-0.0060706
-0.00614141
-0.0062124
-0.00628665
-0.00636389
-0.00644415
-0.00652461
-0.0066075
-0.00668494
-0.00676068
-0.00683889
-0.0069158
-0.00699674
-0.00707988
-0.00716238
-0.00724419
-0.00732512
-0.00740545
-0.00748416
-0.00756599
-0.0076457
-0.00772727
-0.00781476
-0.00789255
-0.00797189
-0.00805794
-0.00813633
-0.00821976
-0.00830439
-0.00837767
-0.00845677
-0.00853997
-0.00861352
-0.00868842
-0.00876747
-0.00883705
-0.00890682
-0.00898333
-0.00905153
-0.00911264
-0.00918133
-0.00925097
-0.0093096
-0.0093697
-0.00943316
-0.00949164
-0.00954838
-0.00960494
-0.00965889
-0.00970838
-0.00975466
-0.00136199
-0.000729511
4.20064e-05
0.000735313
0.00124589
0.00154099
0.00162028
0.00150926
0.00125249
0.000903505
0.000509258
0.000101477
-0.000298863
-0.000673426
-0.00101686
-0.00133235
-0.00162574
-0.00191177
-0.00219966
-0.00248856
-0.00278093
-0.00308375
-0.00339351
-0.00370688
-0.00402062
-0.00432253
-0.0046017
-0.00485322
-0.00507532
-0.00525872
-0.00539356
-0.00547833
-0.00552604
-0.00554543
-0.00553494
-0.00550395
-0.00546594
-0.00543612
-0.00542065
-0.00541968
-0.0054356
-0.0054694
-0.00552135
-0.00558591
-0.00566124
-0.00574128
-0.00582351
-0.00590533
-0.00598314
-0.00605954
-0.00613006
-0.00620105
-0.0062756
-0.00635341
-0.00643427
-0.0065151
-0.00659805
-0.00667597
-0.00675137
-0.00682914
-0.00690674
-0.00698813
-0.00707181
-0.00715516
-0.00723719
-0.00731788
-0.00739825
-0.00747728
-0.0075591
-0.00763877
-0.0077207
-0.00780879
-0.0078867
-0.00796542
-0.00805128
-0.0081304
-0.00821375
-0.0082984
-0.00837206
-0.00845031
-0.00853374
-0.00860813
-0.00868234
-0.00876183
-0.00883244
-0.00890098
-0.00897715
-0.00904724
-0.00910837
-0.00917601
-0.00924643
-0.00930597
-0.00936579
-0.00942916
-0.00948832
-0.00954528
-0.00960191
-0.00965638
-0.00970622
-0.00975289
-0.00156618
-0.000930767
-0.000151994
0.000553547
0.00107972
0.00139165
0.0014875
0.00139295
0.00115178
0.000815553
0.000431207
3.2155e-05
-0.000361614
-0.000732791
-0.00107304
-0.00138374
-0.00166979
-0.00194484
-0.00222017
-0.00249399
-0.00276625
-0.00304832
-0.00333837
-0.00362994
-0.0039225
-0.00420786
-0.0044736
-0.00471478
-0.00493205
-0.00511647
-0.00526027
-0.00535934
-0.00542174
-0.00545843
-0.00546937
-0.00545813
-0.00543324
-0.00541263
-0.00540365
-0.00540521
-0.00542105
-0.00545379
-0.00550512
-0.00556931
-0.00564511
-0.00572651
-0.00580912
-0.00589186
-0.00597071
-0.00604723
-0.0061181
-0.00618904
-0.00626377
-0.00634236
-0.0064238
-0.00650491
-0.0065878
-0.00666627
-0.00674188
-0.00681909
-0.00689689
-0.00697867
-0.00706306
-0.00714747
-0.00722973
-0.00731026
-0.00739066
-0.0074698
-0.00755194
-0.00763166
-0.00771339
-0.00780203
-0.00788057
-0.00795875
-0.00804419
-0.00812404
-0.00820734
-0.00829204
-0.00836615
-0.00844349
-0.00852707
-0.00860234
-0.00867593
-0.00875587
-0.00882752
-0.00889467
-0.00897063
-0.00904284
-0.00910382
-0.0091703
-0.00924157
-0.00930213
-0.00936167
-0.00942491
-0.00948473
-0.00954197
-0.00959873
-0.00965367
-0.00970382
-0.00975085
-0.00176788
-0.00112915
-0.000343973
0.000371675
0.000911614
0.00123917
0.00135071
0.00127122
0.00104436
0.000721207
0.000347625
-4.19844e-05
-0.000427331
-0.000793133
-0.0011289
-0.00143381
-0.00171197
-0.00197599
-0.0022381
-0.0024981
-0.00275276
-0.0030133
-0.00328387
-0.00355616
-0.00382779
-0.00409602
-0.00434957
-0.00458106
-0.00479296
-0.00497693
-0.00512676
-0.00523926
-0.00531606
-0.00536718
-0.00539705
-0.00540608
-0.00539544
-0.00538366
-0.00538207
-0.00538821
-0.00540517
-0.00543717
-0.00548803
-0.00555219
-0.0056276
-0.00570996
-0.00579349
-0.00587677
-0.00595667
-0.00603387
-0.00610541
-0.00617618
-0.00625084
-0.00633036
-0.00641281
-0.00649451
-0.00657684
-0.00665553
-0.00673182
-0.00680858
-0.00688644
-0.00696855
-0.00705343
-0.00713928
-0.00722196
-0.00730217
-0.00738277
-0.00746179
-0.00754395
-0.00762412
-0.00770576
-0.00779463
-0.00787406
-0.00795183
-0.00803679
-0.00811721
-0.00820032
-0.00828527
-0.00836002
-0.00843642
-0.00851995
-0.008596
-0.00866908
-0.00874966
-0.00882234
-0.00888798
-0.00896374
-0.0090381
-0.00909898
-0.00916423
-0.00923643
-0.00929812
-0.00935729
-0.00942037
-0.00948086
-0.00953841
-0.0095954
-0.00965079
-0.00970114
-0.00974854
-0.00196727
-0.001325
-0.000533616
0.000190842
0.000742628
0.0010843
0.00121091
0.00114584
0.000932229
0.000621412
0.000258711
-0.000120942
-0.000496558
-0.000854893
-0.0011845
-0.00148258
-0.00175248
-0.00200548
-0.00225404
-0.00250066
-0.00273996
-0.0029794
-0.00323014
-0.0034854
-0.00373778
-0.00398831
-0.00422982
-0.00445237
-0.00465776
-0.00484061
-0.00499477
-0.0051183
-0.0052096
-0.00527383
-0.00531882
-0.00534696
-0.0053528
-0.00535029
-0.00535557
-0.00536774
-0.00538731
-0.0054186
-0.00546901
-0.00553454
-0.00560985
-0.00569226
-0.00577679
-0.00586059
-0.00594102
-0.00601854
-0.00609102
-0.0061622
-0.00623712
-0.00631752
-0.00640113
-0.00648384
-0.00656547
-0.00664398
-0.00672079
-0.00679729
-0.00687563
-0.00695819
-0.00704296
-0.00713016
-0.00721381
-0.00729371
-0.00737458
-0.00745335
-0.00753499
-0.00761598
-0.00769806
-0.00778674
-0.00786684
-0.00794455
-0.00802914
-0.00810984
-0.00819281
-0.00827826
-0.00835362
-0.00842891
-0.00851233
-0.0085893
-0.00866176
-0.00874312
-0.00881695
-0.00888082
-0.00895649
-0.00903315
-0.00909382
-0.00915775
-0.00923094
-0.00929386
-0.00935267
-0.00941554
-0.00947671
-0.00953466
-0.00959186
-0.00964771
-0.00969822
-0.00974594
-0.00216377
-0.00151791
-0.000720394
1.19891e-05
0.000574079
0.00092803
0.00106856
0.00101724
0.000816433
0.000517374
0.000165509
-0.000203776
-0.000568919
-0.000917877
-0.00124033
-0.00153092
-0.0017922
-0.00203422
-0.0022688
-0.00250143
-0.00272688
-0.00294778
-0.00317851
-0.00341718
-0.00365228
-0.00388555
-0.00411481
-0.00432882
-0.00452727
-0.0047084
-0.00486608
-0.00499749
-0.00510179
-0.00517959
-0.00523707
-0.00528113
-0.00530435
-0.00531233
-0.00532361
-0.00534227
-0.00536653
-0.00539886
-0.00544861
-0.00551587
-0.00559225
-0.00567375
-0.00575842
-0.00584279
-0.0059234
-0.00600123
-0.00607506
-0.00614722
-0.00622288
-0.0063041
-0.00638851
-0.00647242
-0.00655368
-0.00663149
-0.00670878
-0.00678554
-0.00686434
-0.00694739
-0.00703185
-0.00711998
-0.0072049
-0.00728475
-0.00736602
-0.00744485
-0.00752559
-0.00760682
-0.00768972
-0.00777871
-0.00785926
-0.00793657
-0.00802105
-0.00810235
-0.00818478
-0.00827068
-0.00834695
-0.00842102
-0.00850421
-0.00858215
-0.00865412
-0.00873625
-0.00881114
-0.00887324
-0.00894889
-0.00902797
-0.00908831
-0.00915089
-0.00922513
-0.00928934
-0.00934785
-0.00941037
-0.00947222
-0.00953073
-0.00958811
-0.00964438
-0.00969509
-0.00974304
-0.00235677
-0.00170743
-0.000903937
-0.000164257
0.000406832
0.000771644
0.000924798
0.000886431
0.000697908
0.000409976
6.85281e-05
-0.000290159
-0.000644515
-0.000982979
-0.00129681
-0.00157922
-0.0018314
-0.00206182
-0.00228237
-0.00250085
-0.00271344
-0.0029192
-0.00312989
-0.0033507
-0.00357115
-0.00378874
-0.00400506
-0.00421089
-0.0044025
-0.00458069
-0.0047412
-0.00487872
-0.00499317
-0.00508434
-0.00515365
-0.00520971
-0.00524902
-0.00526964
-0.00528729
-0.00531169
-0.00534208
-0.00537762
-0.00542695
-0.0054955
-0.00557387
-0.00565479
-0.00573867
-0.00582331
-0.00590466
-0.00598264
-0.00605737
-0.00613114
-0.00620727
-0.00628949
-0.00637514
-0.00645979
-0.00654151
-0.00661871
-0.00669606
-0.0067733
-0.00685216
-0.006936
-0.0070206
-0.00710857
-0.0071949
-0.00727563
-0.00735696
-0.00743593
-0.00751606
-0.00759693
-0.00768039
-0.00777045
-0.0078518
-0.00792787
-0.0080119
-0.00809455
-0.00817667
-0.00826264
-0.0083398
-0.00841277
-0.00849566
-0.00857455
-0.0086461
-0.00872909
-0.00880491
-0.00886521
-0.00894101
-0.00902252
-0.00908237
-0.00914364
-0.00921915
-0.00928457
-0.0093426
-0.00940491
-0.00946754
-0.00952654
-0.00958408
-0.00964076
-0.00969171
-0.00973987
-0.00254614
-0.00189335
-0.00108422
-0.000337569
0.000241697
0.000616064
0.000780124
0.000754276
0.00057752
0.000300456
-3.08633e-05
-0.000379195
-0.000722667
-0.00105045
-0.00135393
-0.00162725
-0.00187007
-0.00208938
-0.00229626
-0.00249989
-0.00269939
-0.00289208
-0.00308473
-0.00328747
-0.0034945
-0.00369848
-0.00390138
-0.00409838
-0.00428433
-0.00445861
-0.00462033
-0.0047634
-0.00488565
-0.00498786
-0.00506889
-0.00513508
-0.00518762
-0.00522187
-0.00524664
-0.00527621
-0.00531291
-0.00535366
-0.0054043
-0.00547296
-0.00555418
-0.00563603
-0.00571839
-0.00580239
-0.00588446
-0.00596255
-0.00603737
-0.0061132
-0.00619058
-0.00627375
-0.00636141
-0.00644668
-0.00652853
-0.00660561
-0.00668268
-0.0067601
-0.00683887
-0.00692367
-0.00700947
-0.00709702
-0.00718356
-0.0072655
-0.00734755
-0.00742668
-0.0075063
-0.00758691
-0.00767021
-0.00776117
-0.00784409
-0.00791893
-0.00800206
-0.00808632
-0.0081684
-0.00825418
-0.00833195
-0.00840395
-0.00848679
-0.00856667
-0.00863779
-0.0087217
-0.00879833
-0.00885661
-0.00893274
-0.0090168
-0.00907606
-0.00913605
-0.00921284
-0.00927955
-0.0093371
-0.00939914
-0.00946267
-0.00952208
-0.00957964
-0.00963687
-0.00968812
-0.00973639
-0.00273117
-0.00207506
-0.00126069
-0.00050747
7.9207e-05
0.000462599
0.000636428
0.000621809
0.000456252
0.00018942
-0.000131877
-0.000470328
-0.000803186
-0.00111959
-0.00141174
-0.00167563
-0.00190899
-0.00211721
-0.00231071
-0.00249986
-0.00268569
-0.00286629
-0.00304394
-0.00322891
-0.0034219
-0.00361334
-0.00380418
-0.00399229
-0.00417268
-0.00434306
-0.00450438
-0.00465171
-0.00478031
-0.0048912
-0.00498329
-0.0050591
-0.0051212
-0.00516821
-0.0052016
-0.0052364
-0.00527922
-0.00532596
-0.00538059
-0.00544921
-0.00553257
-0.0056169
-0.0056978
-0.00578002
-0.00586174
-0.00594137
-0.00601655
-0.00609319
-0.0061731
-0.00625755
-0.00634644
-0.00643228
-0.00651402
-0.00659174
-0.00666904
-0.0067467
-0.00682543
-0.0069105
-0.00699751
-0.0070849
-0.00717125
-0.00725429
-0.0073376
-0.00741702
-0.00749621
-0.00757684
-0.00765957
-0.00775083
-0.00783591
-0.00791038
-0.00799179
-0.00807696
-0.00815966
-0.00824531
-0.00832354
-0.00839493
-0.00847764
-0.00855821
-0.00862923
-0.00871411
-0.00879119
-0.00884752
-0.00892419
-0.00901077
-0.00906927
-0.00912809
-0.00920638
-0.00927424
-0.00933126
-0.00939309
-0.00945752
-0.00951734
-0.00957496
-0.00963274
-0.00968423
-0.00973258
-0.00291176
-0.00225207
-0.00143251
-0.000672975
-7.98444e-05
0.000311239
0.00049429
0.000489574
0.000334833
7.81481e-05
-0.000233378
-0.000562573
-0.000885261
-0.00119049
-0.00147124
-0.0017249
-0.00194848
-0.0021456
-0.00232628
-0.00250113
-0.00267306
-0.0028416
-0.0030064
-0.00317513
-0.00335378
-0.00353379
-0.00371436
-0.00389344
-0.00406778
-0.00423434
-0.00439425
-0.00454473
-0.00467837
-0.00479636
-0.00489734
-0.00498185
-0.00505162
-0.00510871
-0.00515243
-0.00519293
-0.00524125
-0.00529437
-0.00535488
-0.00542523
-0.00550854
-0.0055953
-0.00567655
-0.00575726
-0.00583756
-0.00591854
-0.00599556
-0.00607184
-0.00615386
-0.00624042
-0.00633003
-0.0064163
-0.00649817
-0.00657768
-0.00665584
-0.00673305
-0.00681122
-0.00689624
-0.0069843
-0.00707224
-0.00715898
-0.00724255
-0.00732621
-0.00740646
-0.00748613
-0.00756698
-0.0076489
-0.00773949
-0.00782664
-0.00790174
-0.00798134
-0.00806669
-0.0081503
-0.00823625
-0.00831504
-0.00838566
-0.0084678
-0.00854886
-0.00862058
-0.00870672
-0.00878337
-0.00883771
-0.0089154
-0.00900462
-0.00906231
-0.00911978
-0.00919957
-0.0092685
-0.0093249
-0.00938689
-0.00945238
-0.00951227
-0.00956983
-0.00962836
-0.00968009
-0.00972845
-0.00308743
-0.00242446
-0.00159969
-0.000834263
-0.000234787
0.00016312
0.000354456
0.00035883
0.000214329
-3.22307e-05
-0.000334335
-0.000654771
-0.000968109
-0.00126255
-0.00153238
-0.00177471
-0.00198825
-0.00217535
-0.00234388
-0.00250484
-0.00266279
-0.00281873
-0.00297204
-0.00312669
-0.00329123
-0.00346031
-0.0036308
-0.00380135
-0.00396941
-0.00413285
-0.00429158
-0.00444358
-0.00458113
-0.00470424
-0.00481189
-0.00490379
-0.00498032
-0.00504456
-0.00509837
-0.0051461
-0.00519958
-0.00525981
-0.00532648
-0.00539982
-0.00548286
-0.0055714
-0.0056547
-0.00573374
-0.00581202
-0.00589367
-0.0059741
-0.00605062
-0.00613219
-0.0062221
-0.00631282
-0.00639887
-0.00648188
-0.00656258
-0.0066419
-0.00671929
-0.00679668
-0.00688129
-0.00697019
-0.0070589
-0.00714633
-0.00723038
-0.00731404
-0.00739502
-0.00747556
-0.00755692
-0.00763802
-0.00772788
-0.00781659
-0.00789195
-0.00797067
-0.00805664
-0.00814032
-0.0082266
-0.00830631
-0.00837599
-0.00845731
-0.00853904
-0.00861192
-0.0086992
-0.00877487
-0.00882765
-0.00890655
-0.00899786
-0.00905501
-0.00911131
-0.00919243
-0.00926257
-0.00931825
-0.00938018
-0.00944681
-0.00950709
-0.00956455
-0.0096236
-0.00967559
-0.00972402
-0.00325701
-0.00259103
-0.00176164
-0.000990754
-0.000385159
1.96133e-05
0.00021851
0.000230973
9.55577e-05
-0.000141388
-0.000434485
-0.000746496
-0.00105119
-0.00133553
-0.00159438
-0.00182566
-0.00202864
-0.00220579
-0.00236312
-0.00251063
-0.00265546
-0.00279915
-0.00294164
-0.00308453
-0.00323464
-0.00339212
-0.00355344
-0.00371652
-0.00387891
-0.00403913
-0.00419662
-0.00434885
-0.00448892
-0.0046153
-0.00472806
-0.00482567
-0.00490833
-0.00497826
-0.00503983
-0.00509622
-0.00515503
-0.00522216
-0.00529562
-0.00537292
-0.0054563
-0.0055447
-0.00563046
-0.00570945
-0.00578606
-0.00586726
-0.00595092
-0.00603054
-0.00611008
-0.00620112
-0.00629483
-0.00638038
-0.00646419
-0.00654604
-0.00662691
-0.00670585
-0.00678217
-0.00686632
-0.00695535
-0.00704439
-0.00713324
-0.00721751
-0.00730166
-0.00738334
-0.00746358
-0.0075463
-0.00762746
-0.00771604
-0.00780625
-0.00788163
-0.00795918
-0.00804624
-0.00812996
-0.00821622
-0.00829713
-0.0083667
-0.00844687
-0.00852817
-0.00860255
-0.00869159
-0.00876608
-0.00881721
-0.00889746
-0.0089907
-0.00904732
-0.00910265
-0.00918507
-0.00925616
-0.00931134
-0.00937365
-0.00944105
-0.00950146
-0.00955907
-0.00961852
-0.00967069
-0.00971928
-0.00342033
-0.00275125
-0.00191765
-0.00114179
-0.000530189
-0.00011929
8.63114e-05
0.000106025
-2.13691e-05
-0.000249382
-0.000533311
-0.000836648
-0.00113319
-0.00140815
-0.00165664
-0.00187772
-0.00207035
-0.00223741
-0.00238403
-0.00251973
-0.00265205
-0.00278325
-0.00291476
-0.00304694
-0.00318422
-0.00333003
-0.00348278
-0.00363901
-0.00379688
-0.0039535
-0.00410903
-0.0042609
-0.00440254
-0.00453205
-0.00464722
-0.00474866
-0.0048358
-0.00491016
-0.00497785
-0.00504303
-0.00510925
-0.00518212
-0.00526273
-0.00534404
-0.00542856
-0.00551673
-0.0056031
-0.00568377
-0.00575927
-0.00584029
-0.00592671
-0.00601058
-0.00608931
-0.00617742
-0.00627459
-0.0063614
-0.00644475
-0.00652876
-0.00661131
-0.00669254
-0.00676787
-0.0068506
-0.00693997
-0.00702849
-0.00711937
-0.00720479
-0.00728907
-0.00737137
-0.00745045
-0.00753502
-0.00761715
-0.00770377
-0.00779581
-0.00787142
-0.00794635
-0.0080348
-0.00812036
-0.00820589
-0.00828719
-0.00835741
-0.00843622
-0.00851651
-0.00859277
-0.00868391
-0.00875713
-0.00880648
-0.00888802
-0.00898301
-0.00903915
-0.00909398
-0.00917752
-0.00924917
-0.00930417
-0.00936697
-0.00943503
-0.00949556
-0.00955333
-0.00961309
-0.00966549
-0.0097143
-0.00357673
-0.002905
-0.00206736
-0.00128678
-0.000669452
-0.000252448
-4.0753e-05
-1.46438e-05
-0.000134882
-0.000354873
-0.000630488
-0.000925603
-0.00121366
-0.00148042
-0.00171951
-0.00193064
-0.0021136
-0.00227058
-0.0024072
-0.00253153
-0.00265216
-0.00277124
-0.00289116
-0.00301305
-0.00313999
-0.00327524
-0.00341958
-0.00356919
-0.0037223
-0.00387661
-0.00403002
-0.00418133
-0.00432344
-0.00445401
-0.00456992
-0.00467304
-0.00476329
-0.00484116
-0.00491458
-0.00498781
-0.00506307
-0.00514114
-0.00522712
-0.00531377
-0.00539927
-0.00548742
-0.005573
-0.00565552
-0.00573288
-0.00581353
-0.00590116
-0.00598924
-0.00607015
-0.00615349
-0.00625129
-0.00634205
-0.00642483
-0.00651062
-0.00659504
-0.00667767
-0.00675407
-0.00683544
-0.00692403
-0.0070123
-0.00710457
-0.00719103
-0.00727598
-0.00735997
-0.00743685
-0.0075218
-0.00760681
-0.00769161
-0.00778482
-0.00786194
-0.00793297
-0.00802162
-0.00811112
-0.008196
-0.00827592
-0.00834793
-0.00842663
-0.00850465
-0.00858217
-0.00867563
-0.00874752
-0.00879617
-0.00887944
-0.00897471
-0.0090301
-0.00908535
-0.00916985
-0.00924187
-0.00929688
-0.0093601
-0.00942864
-0.00948935
-0.00954743
-0.00960737
-0.00965986
-0.00970895
-0.00372557
-0.00305098
-0.00220995
-0.00142507
-0.000802738
-0.000380429
-0.000163221
-0.000131373
-0.000244788
-0.000457398
-0.000725586
-0.00101276
-0.00129324
-0.00155247
-0.00178313
-0.00198495
-0.00215774
-0.00230449
-0.00243206
-0.00254617
-0.00265541
-0.00276302
-0.00287208
-0.00298368
-0.00310092
-0.00322711
-0.0033631
-0.00350706
-0.00365588
-0.0038088
-0.00396046
-0.00410997
-0.00425167
-0.0043815
-0.00449738
-0.00459949
-0.00469118
-0.00477314
-0.0048523
-0.00493194
-0.0050155
-0.00510056
-0.0051907
-0.0052821
-0.00536818
-0.00545637
-0.00554174
-0.00562522
-0.00570562
-0.00578676
-0.00587585
-0.00596619
-0.00605064
-0.00613188
-0.00622556
-0.00632092
-0.00640559
-0.00649049
-0.0065776
-0.00666295
-0.00674027
-0.00682073
-0.0069084
-0.00699616
-0.00708871
-0.00717642
-0.00726277
-0.00734839
-0.00742445
-0.00750783
-0.00759416
-0.00767993
-0.00777414
-0.00785212
-0.00792022
-0.0080072
-0.0081002
-0.00818683
-0.00826491
-0.00833746
-0.00841697
-0.00849262
-0.00857051
-0.00866705
-0.00873834
-0.00878591
-0.0088705
-0.00896569
-0.00902085
-0.00907724
-0.00916197
-0.00923392
-0.00928959
-0.00935358
-0.00942198
-0.0094825
-0.00954131
-0.00960178
-0.00965422
-0.00970348
-0.00386684
-0.00318944
-0.00234504
-0.0015559
-0.000928777
-0.000501396
-0.000278894
-0.000241809
-0.000349881
-0.000556708
-0.000817876
-0.00109814
-0.00137239
-0.00162431
-0.00184742
-0.00204016
-0.00220384
-0.00234158
-0.00245958
-0.00256402
-0.00266181
-0.002758
-0.00285617
-0.00295795
-0.00306621
-0.00318453
-0.00331389
-0.00345311
-0.00359877
-0.00374993
-0.00390073
-0.00404836
-0.00418763
-0.00431495
-0.00442951
-0.00452922
-0.00462088
-0.00470645
-0.00479049
-0.00487726
-0.00496834
-0.00506067
-0.00515444
-0.00524885
-0.00533673
-0.00542385
-0.00550958
-0.00559324
-0.00567699
-0.00576156
-0.00585081
-0.00594288
-0.00603008
-0.00611128
-0.00620086
-0.0062967
-0.00638555
-0.00647023
-0.00655874
-0.00664852
-0.00672679
-0.00680571
-0.00689271
-0.00698006
-0.0070722
-0.00716141
-0.0072499
-0.00733621
-0.00741279
-0.00749435
-0.00757935
-0.0076683
-0.00776443
-0.00784212
-0.00790875
-0.00799246
-0.00808721
-0.00817854
-0.00825511
-0.00832562
-0.00840678
-0.00848186
-0.00855916
-0.00865686
-0.00872861
-0.00877675
-0.00886128
-0.00895568
-0.00901148
-0.00906941
-0.00915378
-0.00922524
-0.00928203
-0.0093467
-0.0094148
-0.00947563
-0.00953522
-0.0095957
-0.00964796
-0.00969724
-0.00399913
-0.00331928
-0.0024716
-0.00167876
-0.00104749
-0.00061549
-0.000388337
-0.00034631
-0.000449641
-0.00065132
-0.000906643
-0.00118114
-0.00144938
-0.00169547
-0.0019123
-0.00209702
-0.00225203
-0.00238125
-0.00249028
-0.00258519
-0.00267197
-0.00275595
-0.00284313
-0.00293577
-0.00303619
-0.0031472
-0.003271
-0.00340784
-0.00355251
-0.00370216
-0.00385096
-0.00399566
-0.00413186
-0.00425514
-0.00436488
-0.00446208
-0.00455341
-0.00464207
-0.00473191
-0.00482437
-0.00492239
-0.00502205
-0.0051194
-0.00521498
-0.00530432
-0.00539056
-0.00547595
-0.00556186
-0.0056481
-0.0057363
-0.00582656
-0.0059188
-0.00600905
-0.00609144
-0.00617825
-0.00627188
-0.00636421
-0.0064515
-0.00653891
-0.00663186
-0.00671346
-0.00679143
-0.00687732
-0.00696457
-0.0070567
-0.00714587
-0.00723542
-0.00732324
-0.00740173
-0.00748273
-0.00756386
-0.00765429
-0.00775512
-0.00783239
-0.00789757
-0.00797951
-0.00807288
-0.00816804
-0.00824717
-0.00831563
-0.00839556
-0.00847175
-0.00854925
-0.00864517
-0.00871808
-0.00876936
-0.00885258
-0.0089447
-0.00900307
-0.00906267
-0.00914477
-0.00921632
-0.00927563
-0.00934053
-0.00940763
-0.00946881
-0.00952906
-0.0095898
-0.00964234
-0.00969207
-0.00412205
-0.00344016
-0.00258923
-0.00179281
-0.00115763
-0.000721867
-0.000490727
-0.000444444
-0.000543364
-0.00074051
-0.000991556
-0.00126063
-0.00152306
-0.00176465
-0.00197644
-0.00215449
-0.00230223
-0.00242378
-0.00252418
-0.00260902
-0.00268484
-0.00275752
-0.00283384
-0.00291711
-0.00301013
-0.00311625
-0.00323689
-0.00337166
-0.00351655
-0.00366601
-0.00381198
-0.00395305
-0.00408397
-0.00420066
-0.00430439
-0.00439867
-0.0044906
-0.00458236
-0.00467798
-0.00477659
-0.00488065
-0.00498503
-0.00508479
-0.00518117
-0.00527044
-0.00535699
-0.00544248
-0.005531
-0.00562032
-0.00571082
-0.00580387
-0.00589559
-0.00598694
-0.0060719
-0.00615715
-0.00624833
-0.00634128
-0.00643203
-0.0065203
-0.00661426
-0.00670046
-0.00677818
-0.00686181
-0.0069498
-0.00704134
-0.00713042
-0.0072211
-0.00730961
-0.00738977
-0.00747219
-0.00755062
-0.00763824
-0.00774321
-0.00782448
-0.00788717
-0.00796696
-0.00805873
-0.00815399
-0.00823855
-0.00830825
-0.008383
-0.00845993
-0.00853995
-0.00863211
-0.00870613
-0.00876319
-0.00884295
-0.00893155
-0.00899532
-0.00905658
-0.00913429
-0.00920607
-0.00926921
-0.00933409
-0.00939951
-0.00946152
-0.00952263
-0.00958289
-0.00963539
-0.00968532
-0.00423445
-0.00355082
-0.00269764
-0.00189805
-0.00125954
-0.00082037
-0.000585807
-0.000535663
-0.000630632
-0.000824398
-0.00107163
-0.00133632
-0.00159473
-0.00183189
-0.00203911
-0.00221271
-0.00235398
-0.00246773
-0.00255952
-0.00263449
-0.00269936
-0.00276059
-0.0028263
-0.00290135
-0.00298908
-0.00309202
-0.00321047
-0.00334618
-0.00349331
-0.00364167
-0.00378419
-0.00391945
-0.00404255
-0.00415112
-0.00424935
-0.00434082
-0.00443362
-0.00452982
-0.00463087
-0.00473526
-0.00484288
-0.0049505
-0.00505167
-0.00514742
-0.00523683
-0.00532434
-0.00541144
-0.00550184
-0.00559468
-0.00568657
-0.00578095
-0.00587353
-0.0059651
-0.00605407
-0.00613858
-0.00622664
-0.00631973
-0.0064133
-0.00650407
-0.0065962
-0.00668582
-0.00676713
-0.00684865
-0.00693664
-0.00702776
-0.00711584
-0.00720732
-0.00729689
-0.0073788
-0.00746367
-0.00754119
-0.00762312
-0.00772813
-0.0078182
-0.00788174
-0.00795597
-0.00804647
-0.00814015
-0.00822801
-0.00830382
-0.00837536
-0.00844909
-0.00853034
-0.00862008
-0.00869586
-0.00875859
-0.00883407
-0.00891913
-0.00898964
-0.00905211
-0.00912398
-0.00919626
-0.00926384
-0.00932824
-0.00939197
-0.0094554
-0.0095173
-0.00957668
-0.00962947
-0.00968058
-0.0043369
-0.00365118
-0.00279608
-0.00199454
-0.00135354
-0.000911345
-0.000673505
-0.000620458
-0.000712638
-0.000903457
-0.00114786
-0.00140998
-0.00166521
-0.00189882
-0.00210246
-0.00227162
-0.00240699
-0.00251229
-0.00259382
-0.0026575
-0.0027111
-0.00276295
-0.00281974
-0.00288735
-0.00297233
-0.00307555
-0.00319634
-0.00333541
-0.00348299
-0.00362765
-0.00376414
-0.00389041
-0.00400355
-0.00410422
-0.00419823
-0.0042901
-0.00438559
-0.00448637
-0.00459229
-0.0047003
-0.00480905
-0.00491715
-0.00501771
-0.00511219
-0.00520323
-0.00529153
-0.00538188
-0.0054754
-0.00556923
-0.0056624
-0.00575641
-0.00585082
-0.00594294
-0.00603385
-0.00612047
-0.00620623
-0.00629922
-0.0063932
-0.00648542
-0.0065778
-0.0066673
-0.0067548
-0.00683714
-0.00692181
-0.00701389
-0.00710032
-0.00719113
-0.00728354
-0.0073659
-0.00745298
-0.00753383
-0.00760833
-0.00770657
-0.00780729
-0.00787955
-0.0079472
-0.0080316
-0.00812494
-0.0082149
-0.00829581
-0.00836986
-0.00844031
-0.00851553
-0.00860354
-0.00868832
-0.00875578
-0.00882142
-0.00890422
-0.00898565
-0.00904811
-0.00911132
-0.00918545
-0.00925874
-0.00932224
-0.00938381
-0.00944848
-0.00951154
-0.00957028
-0.00962304
-0.00967427
-0.00442665
-0.00374049
-0.00288477
-0.0020824
-0.00144009
-0.000995955
-0.000756084
-0.000701293
-0.000792139
-0.000981882
-0.00122571
-0.00148725
-0.00174122
-0.00197195
-0.00217138
-0.00233461
-0.00246201
-0.00255639
-0.00262558
-0.00267669
-0.00271922
-0.00276172
-0.00281171
-0.00287786
-0.00296534
-0.0030761
-0.00320486
-0.00334624
-0.00349027
-0.00362808
-0.00375463
-0.00386774
-0.00396925
-0.00406474
-0.00415887
-0.00425318
-0.0043544
-0.0044608
-0.00456924
-0.00467786
-0.00478489
-0.00488966
-0.00498884
-0.00508359
-0.00517665
-0.00526952
-0.00536325
-0.00545798
-0.00555119
-0.00564412
-0.00573795
-0.0058327
-0.00592676
-0.00601833
-0.00610794
-0.00619448
-0.00628462
-0.0063793
-0.00647142
-0.00656407
-0.00665443
-0.00674443
-0.00683188
-0.00691304
-0.00700303
-0.00709164
-0.00717784
-0.00727291
-0.00735828
-0.00744305
-0.00753144
-0.00760214
-0.00768706
-0.00779521
-0.00788084
-0.00794603
-0.00802062
-0.00810976
-0.00820425
-0.00828843
-0.00836497
-0.00844035
-0.00850563
-0.00858236
-0.00868389
-0.00876076
-0.00880766
-0.00888639
-0.00898419
-0.00904689
-0.00909907
-0.00917524
-0.00925481
-0.00931665
-0.00937641
-0.00944223
-0.00950551
-0.00956421
-0.00961753
-0.00966854
-0.00448895
-0.00380349
-0.0029493
-0.0021482
-0.00150725
-0.00106437
-0.000825613
-0.000771414
-0.000863624
-0.00105558
-0.00130244
-0.0015662
-0.00182121
-0.00204951
-0.00224174
-0.00239356
-0.00250556
-0.00258217
-0.00263197
-0.00266613
-0.00269596
-0.00273298
-0.00278542
-0.00286071
-0.00296148
-0.00308625
-0.00322376
-0.00336509
-0.00350127
-0.00362575
-0.00373732
-0.00383524
-0.00392825
-0.00402108
-0.00411833
-0.00422037
-0.00432806
-0.00443797
-0.00454619
-0.00465352
-0.00475695
-0.00485838
-0.00495638
-0.00505305
-0.00514968
-0.00524651
-0.00534306
-0.0054369
-0.0055303
-0.0056229
-0.00571701
-0.00581224
-0.00590784
-0.00600107
-0.00609156
-0.00618193
-0.00626949
-0.00636373
-0.00645745
-0.00654735
-0.00664098
-0.00673081
-0.00682124
-0.00690449
-0.00698822
-0.00708202
-0.00716674
-0.00725885
-0.00735203
-0.00743202
-0.00752343
-0.00759933
-0.00766952
-0.00777833
-0.00787738
-0.00794489
-0.00801377
-0.00809431
-0.00819182
-0.00828165
-0.00835613
-0.00843963
-0.00850226
-0.00856042
-0.00867406
-0.0087705
-0.00879943
-0.00886652
-0.00898211
-0.00904881
-0.00908892
-0.00916606
-0.00925296
-0.00931332
-0.00937029
-0.00943709
-0.00950067
-0.00955942
-0.00961436
-0.00966624
-0.00452727
-0.00384729
-0.00300055
-0.00220479
-0.00156699
-0.00112648
-0.000892462
-0.000845209
-0.000946022
-0.00114797
-0.00140646
-0.00168207
-0.00194513
-0.00217601
-0.00236196
-0.00249838
-0.0025879
-0.00263756
-0.00265965
-0.00267216
-0.00268993
-0.00272588
-0.00278594
-0.00287405
-0.00298949
-0.00312493
-0.00326912
-0.00340887
-0.00353557
-0.00364536
-0.00374258
-0.00383136
-0.00391867
-0.00400992
-0.00410968
-0.00421669
-0.00432606
-0.00443463
-0.0045404
-0.00464579
-0.00474681
-0.00484542
-0.00494203
-0.00503874
-0.00513694
-0.00523456
-0.00533265
-0.00542639
-0.00551925
-0.00561155
-0.00570519
-0.00580158
-0.00589656
-0.00599091
-0.00608218
-0.00617307
-0.00626128
-0.00635434
-0.00644902
-0.00653686
-0.00663191
-0.00672338
-0.00681243
-0.00689948
-0.00698035
-0.00707339
-0.00716085
-0.00724891
-0.00734571
-0.00742621
-0.00751471
-0.00759605
-0.00766126
-0.0077644
-0.00787116
-0.00794227
-0.00800862
-0.00808363
-0.00817954
-0.00827417
-0.00834724
-0.00843284
-0.00849948
-0.00854567
-0.00865704
-0.00877029
-0.00879576
-0.00884899
-0.0089727
-0.00904782
-0.00908033
-0.00915434
-0.00924576
-0.00930725
-0.00936212
-0.00942863
-0.009493
-0.00955129
-0.00960658
-0.0096583
)
;

boundaryField
{
    zeroGradientPlanes
    {
        type            zeroGradient;
    }
    inlet
    {
        type            zeroGradient;
    }
    plate
    {
        type            zeroGradient;
    }
    frontAndBack
    {
        type            empty;
    }
}


// ************************************************************************* //
