/*--------------------------------*- C++ -*----------------------------------*\
| =========                 |                                                 |
| \\      /  F ield         | OpenFOAM: The Open Source CFD Toolbox           |
|  \\    /   O peration     | Version:  v2106                                 |
|   \\  /    A nd           | Website:  www.openfoam.com                      |
|    \\/     M anipulation  |                                                 |
\*---------------------------------------------------------------------------*/
FoamFile
{
    version     2.0;
    format      ascii;
    arch        "LSB;label=32;scalar=64";
    class       volScalarField;
    location    "1.8";
    object      p;
}
// * * * * * * * * * * * * * * * * * * * * * * * * * * * * * * * * * * * * * //

dimensions      [0 2 -2 0 0 0 0];

internalField   nonuniform List<scalar> 
4800
(
9.10597e-11
-0.000112717
-0.000205147
-0.000286988
-0.000388483
-0.00051598
-0.000640721
-0.000683589
-0.000724574
-0.000699967
-0.000660349
-0.000625661
-0.000536341
-0.000392517
-0.000218021
6.48569e-05
0.000400026
0.0008353
0.00141157
0.00202871
4.26083e-06
-0.000115989
-0.00020328
-0.000289448
-0.000385544
-0.000517065
-0.00062614
-0.000685228
-0.000711411
-0.000702027
-0.000653968
-0.000627823
-0.000532453
-0.000396169
-0.00020604
5.84909e-05
0.000396784
0.000792781
0.00125251
0.00171387
6.27566e-06
-0.000118037
-0.000202458
-0.000290561
-0.000384092
-0.000516785
-0.000622644
-0.000683739
-0.00070857
-0.000700813
-0.000653768
-0.00062577
-0.000533796
-0.000395946
-0.000208662
4.30253e-05
0.00035283
0.000688534
0.00108673
0.00147952
9.98067e-06
-0.000120398
-0.000201229
-0.000291762
-0.000382806
-0.000515554
-0.000615494
-0.000679185
-0.000705871
-0.00069614
-0.000653804
-0.000620777
-0.000532379
-0.000392499
-0.000218563
2.42014e-05
0.000290885
0.000576098
0.000913554
0.0012363
1.36291e-05
-0.00012225
-0.000201143
-0.000292169
-0.000382544
-0.00051216
-0.000613177
-0.000673933
-0.000702715
-0.000692003
-0.000650779
-0.000615317
-0.000532979
-0.000394812
-0.000233711
-1.19332e-05
0.000216058
0.000436986
0.000687923
0.000995993
1.71823e-05
-0.000122858
-0.000202065
-0.000290879
-0.00038394
-0.000506457
-0.00061007
-0.00066802
-0.0006976
-0.000686454
-0.000648404
-0.000609976
-0.000535584
-0.000399299
-0.000254357
-7.02049e-05
9.83328e-05
0.000243037
0.000478092
0.000787792
2.07577e-05
-0.000121504
-0.000204474
-0.00028935
-0.00038507
-0.000502711
-0.000603515
-0.000662134
-0.000691822
-0.000681706
-0.000646296
-0.000606725
-0.000538978
-0.000409794
-0.00028998
-0.000182508
-7.14141e-05
7.63204e-05
0.000303775
0.000607751
2.35842e-05
-0.000117428
-0.000207639
-0.000288172
-0.000383677
-0.000498613
-0.000595904
-0.000655485
-0.000686204
-0.000677845
-0.000644357
-0.000605973
-0.000545483
-0.000443715
-0.000388808
-0.00032505
-0.000204514
-5.49655e-05
0.000150664
0.000430946
2.5715e-05
-0.000110855
-0.000208742
-0.000289512
-0.000382668
-0.000492501
-0.000586855
-0.000649067
-0.000681198
-0.000674738
-0.000643666
-0.000612182
-0.000575749
-0.000530249
-0.000498394
-0.000424629
-0.000304663
-0.000175749
-5.88986e-06
0.000246651
2.82557e-05
-0.000104108
-0.000207108
-0.000289769
-0.00038323
-0.000484983
-0.000576522
-0.000642996
-0.00067781
-0.000672692
-0.000646753
-0.000637658
-0.000655558
-0.000627933
-0.000569837
-0.000497363
-0.000403818
-0.000305397
-0.000169835
5.40135e-05
2.95368e-05
-9.61864e-05
-0.000202573
-0.00028672
-0.000383045
-0.000479028
-0.000567617
-0.000637384
-0.000676892
-0.000674518
-0.000673225
-0.000714196
-0.000728646
-0.00067902
-0.000622229
-0.000575762
-0.000515057
-0.000446435
-0.000342207
-0.000144283
3.08946e-05
-8.78994e-05
-0.0001951
-0.000280501
-0.000377785
-0.000475881
-0.000563308
-0.000636028
-0.000680197
-0.000701497
-0.000743302
-0.000769203
-0.000763066
-0.000722742
-0.000686077
-0.000667573
-0.00064034
-0.000599024
-0.000520101
-0.000344047
3.05043e-05
-7.59133e-05
-0.000184115
-0.000269213
-0.000367667
-0.000473515
-0.000568412
-0.000646228
-0.000703314
-0.000762392
-0.000786653
-0.00079385
-0.000796958
-0.000777793
-0.000763495
-0.000772211
-0.000775424
-0.000758663
-0.000700603
-0.000541416
2.97463e-05
-6.60316e-05
-0.000168649
-0.000252368
-0.000351359
-0.000471978
-0.00058387
-0.000692342
-0.000765926
-0.000789791
-0.000801476
-0.000819849
-0.000840807
-0.00084511
-0.000852805
-0.000884735
-0.000915409
-0.000922353
-0.000881142
-0.000734961
3.53749e-05
-5.93843e-05
-0.000151395
-0.000234034
-0.00033705
-0.000477122
-0.000628664
-0.000737326
-0.000790633
-0.000813283
-0.000829905
-0.000858222
-0.000894361
-0.000920691
-0.000950057
-0.00100315
-0.0010588
-0.00108774
-0.00106185
-0.000926796
4.18831e-05
-4.65975e-05
-0.000135178
-0.000219725
-0.000335511
-0.000497372
-0.000660543
-0.000766336
-0.000822902
-0.000848014
-0.000869661
-0.000905685
-0.000954192
-0.00100094
-0.00105244
-0.00112624
-0.00120472
-0.00125455
-0.00124354
-0.00111827
5.39815e-05
-2.74257e-05
-0.000122539
-0.000212163
-0.000343717
-0.000529332
-0.000689932
-0.000794177
-0.000853593
-0.000884253
-0.000913209
-0.000959501
-0.00102122
-0.00108665
-0.00115957
-0.00125343
-0.00135294
-0.0014228
-0.00142598
-0.00130897
7.06479e-05
-5.25704e-06
-0.000111718
-0.000218963
-0.000364364
-0.00055547
-0.000715541
-0.000819911
-0.000884658
-0.000923546
-0.000962264
-0.00102036
-0.00109553
-0.00117836
-0.00127151
-0.00138512
-0.00150459
-0.00159327
-0.00160973
-0.0014996
9.19436e-05
2.0617e-05
-0.000102697
-0.000239371
-0.000396626
-0.000578545
-0.000735641
-0.000845552
-0.000918283
-0.000967052
-0.0010168
-0.00108734
-0.00117658
-0.00127644
-0.00138913
-0.00152185
-0.00165973
-0.0017655
-0.00179442
-0.00169037
0.000114964
4.47933e-05
-9.65888e-05
-0.000259995
-0.000428885
-0.000606455
-0.000760663
-0.000873583
-0.000954734
-0.00101473
-0.00107638
-0.00115993
-0.00126443
-0.00138178
-0.00151296
-0.00166302
-0.00181706
-0.00193793
-0.00197843
-0.00188014
0.000138841
6.72033e-05
-9.39306e-05
-0.00027919
-0.0004601
-0.000639316
-0.000792188
-0.000906496
-0.000994501
-0.00106636
-0.00114101
-0.00123828
-0.00135856
-0.00149356
-0.00164216
-0.00180747
-0.00197546
-0.00210979
-0.00216102
-0.00206833
0.00016129
8.66089e-05
-9.06263e-05
-0.000296341
-0.00049084
-0.000675194
-0.000829677
-0.000945682
-0.00103947
-0.00112267
-0.00121103
-0.00132228
-0.00145808
-0.00161034
-0.00177572
-0.00195513
-0.00213515
-0.00228108
-0.00234202
-0.00225459
0.000181226
0.000103266
-8.64364e-05
-0.000312098
-0.000521867
-0.000713487
-0.000872354
-0.000992007
-0.00109096
-0.00118449
-0.00128627
-0.00141138
-0.00156234
-0.00173141
-0.00191317
-0.00210589
-0.00229617
-0.00245133
-0.00252051
-0.00243796
0.000199089
0.000117435
-8.29961e-05
-0.000326944
-0.000553217
-0.000754018
-0.000919385
-0.00104491
-0.00114961
-0.00125235
-0.0013668
-0.00150539
-0.00167087
-0.00185608
-0.00205355
-0.00225863
-0.00245783
-0.00262013
-0.00269585
-0.00261772
0.000214561
0.000128372
-8.10004e-05
-0.000341332
-0.000584999
-0.000796882
-0.00097014
-0.00110349
-0.0012154
-0.00132689
-0.00145291
-0.00160416
-0.00178314
-0.00198342
-0.0021957
-0.00241226
-0.00261943
-0.00278749
-0.00286804
-0.00279348
0.000227612
0.000136667
-8.14622e-05
-0.000356456
-0.000617376
-0.000841901
-0.00102416
-0.00116679
-0.00128771
-0.00140828
-0.00154475
-0.00170751
-0.00189877
-0.00211259
-0.00233839
-0.00256574
-0.00278004
-0.00295287
-0.00303699
-0.00296489
0.000237985
0.000141695
-8.48502e-05
-0.000372957
-0.000650803
-0.000889261
-0.00108129
-0.00123386
-0.00136518
-0.00149582
-0.0016422
-0.00181523
-0.00201751
-0.0022429
-0.00248054
-0.00271795
-0.00293882
-0.00311558
-0.00320234
-0.00313173
0.000245342
0.000143727
-9.13484e-05
-0.000391645
-0.000685697
-0.000938948
-0.0011416
-0.00130426
-0.00144654
-0.0015881
-0.00174446
-0.00192669
-0.00213851
-0.0023739
-0.00262165
-0.00286801
-0.00309505
-0.00327508
-0.00336363
-0.00329375
0.000249313
0.000142302
-0.000101255
-0.00041292
-0.000722231
-0.00099055
-0.00120468
-0.00137785
-0.00153123
-0.00168394
-0.00185037
-0.00204116
-0.00226109
-0.00250488
-0.00276111
-0.00301496
-0.00324755
-0.00343052
-0.00352022
-0.00345051
0.000249865
0.000137538
-0.000114628
-0.00043703
-0.000760567
-0.00104403
-0.00127028
-0.0014541
-0.00161837
-0.0017821
-0.00195861
-0.00215773
-0.00238466
-0.00263517
-0.00289824
-0.00315816
-0.00339541
-0.00358108
-0.00367158
-0.00360158
0.000246572
0.000129285
-0.000131358
-0.000464199
-0.00080085
-0.00109909
-0.00133813
-0.0015325
-0.00170704
-0.00188121
-0.00206754
-0.00227484
-0.00250812
-0.00276406
-0.00303238
-0.00329707
-0.00353796
-0.00372587
-0.00381698
-0.00374633
0.000239612
0.000117483
-0.000151328
-0.000494535
-0.000843215
-0.00115512
-0.00140735
-0.00161258
-0.00179678
-0.00198044
-0.00217582
-0.00239074
-0.00262989
-0.00289043
-0.00316268
-0.0034309
-0.00367448
-0.00386402
-0.00395554
-0.00388409
0.000228883
0.000102337
-0.000174222
-0.000527807
-0.000887718
-0.0012118
-0.0014768
-0.00169311
-0.00188675
-0.002079
-0.00228224
-0.00250394
-0.00274841
-0.0030129
-0.00328815
-0.00355882
-0.00380426
-0.00399487
-0.00408653
-0.0040142
0.000214506
8.38553e-05
-0.000199489
-0.000562927
-0.000933769
-0.00126878
-0.00154574
-0.00177291
-0.00197541
-0.00217527
-0.00238533
-0.0026131
-0.0028623
-0.00313021
-0.00340778
-0.00368015
-0.00392674
-0.0041179
-0.00420937
-0.00413605
0.000197148
6.25689e-05
-0.000226816
-0.000599274
-0.000980482
-0.00132514
-0.00161293
-0.00185066
-0.0020614
-0.00226788
-0.00248383
-0.00271696
-0.00297033
-0.00324109
-0.0035204
-0.0037939
-0.00404116
-0.00423247
-0.00432346
-0.004249
0.000177399
3.94874e-05
-0.000255153
-0.000635911
-0.00102692
-0.00137994
-0.00167709
-0.00192462
-0.0021433
-0.00235554
-0.00257643
-0.00281424
-0.00307129
-0.00334443
-0.00362494
-0.00389911
-0.00414668
-0.0043379
-0.00442824
-0.00435254
0.000156378
1.4978e-05
-0.000283571
-0.000670861
-0.00107101
-0.00143151
-0.00173682
-0.00199313
-0.00221914
-0.00243668
-0.00266162
-0.00290345
-0.0031636
-0.00343873
-0.00372007
-0.00399461
-0.00424233
-0.00443346
-0.00452325
-0.00444644
0.000135201
-9.0971e-06
-0.000310816
-0.000702922
-0.00111099
-0.00147791
-0.00178998
-0.00205411
-0.00228618
-0.00250825
-0.00273657
-0.00298173
-0.00324445
-0.00352105
-0.00380293
-0.00407755
-0.00432526
-0.00451622
-0.0046056
-0.00452807
0.000116027
-3.02873e-05
-0.000334735
-0.000730458
-0.00114507
-0.00151708
-0.00183334
-0.00210374
-0.00234063
-0.00256594
-0.0027968
-0.0030444
-0.00330915
-0.00358671
-0.00386885
-0.00414338
-0.00439104
-0.00458175
-0.00467053
-0.00459185
9.94101e-05
-4.98766e-05
-0.000358116
-0.000757339
-0.00117787
-0.00155598
-0.00187631
-0.00215242
-0.00239505
-0.00262409
-0.00285792
-0.00310838
-0.00337578
-0.00365506
-0.00393821
-0.00421345
-0.00446187
-0.00465333
-0.00474266
-0.00466426
0.00278209
0.00301338
0.00296464
0.00291774
0.00287846
0.00279076
0.00262466
0.00238639
0.00209843
0.00178004
0.00144531
0.00110952
0.000780752
0.000455227
0.000121826
-0.000226371
-0.000591977
-0.000985497
-0.00142056
-0.00190737
-0.00245913
-0.00308344
-0.00377263
-0.00450761
-0.00525599
-0.00596248
-0.00654153
-0.00690887
-0.00702263
-0.00689918
-0.00661338
-0.00625546
-0.00589256
-0.00556695
-0.00529987
-0.00509727
-0.00495428
-0.00486232
-0.00481426
-0.00480027
-0.00481002
-0.00483497
-0.0048723
-0.00491727
-0.00496634
-0.00501778
-0.00507158
-0.00512298
-0.00517222
-0.00522315
-0.00527468
-0.00532609
-0.00537557
-0.00542608
-0.00547629
-0.0055262
-0.00557467
-0.00562333
-0.00567267
-0.00571971
-0.00576709
-0.00581205
-0.0058589
-0.00590392
-0.00594988
-0.00599462
-0.00603985
-0.00608709
-0.00613186
-0.00617873
-0.006224
-0.00627131
-0.00631628
-0.00636047
-0.00640569
-0.00644993
-0.00649801
-0.00654455
-0.00659252
-0.00663886
-0.00668401
-0.00672887
-0.00677314
-0.00681909
-0.00686604
-0.00691203
-0.00695634
-0.00700039
-0.00704285
-0.00708659
-0.00712867
-0.00717001
-0.00720996
-0.00724828
-0.00728416
-0.00731757
-0.0073461
-0.00737355
-0.00738852
-0.00740428
0.00221593
0.00263817
0.00285605
0.00290617
0.00286619
0.00276048
0.00258803
0.00235291
0.00206986
0.00175452
0.00142081
0.0010852
0.000756878
0.000432321
0.000100083
-0.000247136
-0.000611599
-0.00100339
-0.00143631
-0.00192007
-0.00246725
-0.00308552
-0.00376724
-0.00449169
-0.00522734
-0.00592224
-0.00649604
-0.00686814
-0.0069911
-0.00687636
-0.00659689
-0.00624297
-0.00588206
-0.00555833
-0.00529277
-0.00509125
-0.00494895
-0.00485741
-0.00480971
-0.00479602
-0.00480602
-0.00483117
-0.00486873
-0.00491391
-0.00496316
-0.00501478
-0.0050688
-0.00512039
-0.00516978
-0.00522089
-0.00527257
-0.00532414
-0.00537374
-0.00542437
-0.0054747
-0.00552472
-0.00557328
-0.00562203
-0.00567145
-0.00571856
-0.005766
-0.00581102
-0.00585793
-0.00590299
-0.005949
-0.00599378
-0.00603904
-0.00608634
-0.00613111
-0.00617802
-0.0062233
-0.00627064
-0.00631564
-0.00635984
-0.0064051
-0.00644934
-0.00649745
-0.006544
-0.00659199
-0.00663835
-0.00668352
-0.0067284
-0.00677267
-0.00681865
-0.00686561
-0.00691162
-0.00695594
-0.00700001
-0.00704248
-0.00708624
-0.00712832
-0.00716969
-0.00720964
-0.00724798
-0.00728388
-0.0073173
-0.00734583
-0.00737331
-0.00738827
-0.007404
0.00190063
0.00239959
0.00278292
0.00293668
0.0029048
0.00276951
0.00257274
0.00232856
0.00204506
0.00173057
0.00139608
0.00105856
0.000728864
0.00040376
7.15306e-05
-0.00027545
-0.000639445
-0.00102983
-0.00146029
-0.00194007
-0.00248011
-0.00308764
-0.00375493
-0.0044584
-0.00516683
-0.00583326
-0.00638727
-0.00675544
-0.00689278
-0.00680468
-0.00655129
-0.00621582
-0.00586613
-0.00554898
-0.00528886
-0.00509136
-0.00495118
-0.00486035
-0.00481252
-0.00479831
-0.00480772
-0.00483229
-0.0048693
-0.00491399
-0.00496283
-0.00501409
-0.00506781
-0.00511921
-0.00516848
-0.0052195
-0.00527109
-0.00532261
-0.00537218
-0.00542281
-0.00547313
-0.00552318
-0.00557178
-0.00562057
-0.00567005
-0.00571718
-0.0057647
-0.00580975
-0.00585672
-0.00590183
-0.00594791
-0.00599277
-0.00603809
-0.00608547
-0.00613029
-0.00617726
-0.00622256
-0.00626993
-0.00631495
-0.0063592
-0.00640451
-0.0064488
-0.00649695
-0.00654352
-0.00659151
-0.00663788
-0.00668306
-0.00672799
-0.00677228
-0.00681829
-0.00686525
-0.00691127
-0.0069556
-0.00699969
-0.00704216
-0.00708595
-0.00712804
-0.00716942
-0.00720939
-0.00724774
-0.00728365
-0.0073171
-0.00734564
-0.00737315
-0.00738825
-0.00740391
0.00164035
0.00217518
0.00265452
0.00289928
0.00290497
0.00276281
0.00254565
0.00228863
0.00200256
0.00169005
0.00135696
0.00101932
0.0006894
0.000364358
3.24757e-05
-0.000314029
-0.000677267
-0.00106518
-0.00149167
-0.00196564
-0.00249574
-0.0030883
-0.00373569
-0.00441433
-0.00509204
-0.00572657
-0.00625733
-0.00662048
-0.00677378
-0.00671593
-0.00649366
-0.00618143
-0.00584629
-0.0055379
-0.00528339
-0.00508939
-0.00495107
-0.00486092
-0.0048129
-0.00479809
-0.00480689
-0.00483088
-0.00486737
-0.00491167
-0.0049602
-0.00501114
-0.00506462
-0.00511595
-0.00516529
-0.00521635
-0.00526796
-0.00531954
-0.0053692
-0.00541992
-0.00547034
-0.00552052
-0.00556926
-0.00561817
-0.00566776
-0.00571502
-0.00576266
-0.00580781
-0.00585489
-0.00590009
-0.00594628
-0.00599125
-0.00603669
-0.00608419
-0.00612911
-0.00617617
-0.00622148
-0.00626886
-0.00631391
-0.00635821
-0.00640362
-0.006448
-0.00649622
-0.0065428
-0.00659078
-0.00663714
-0.00668233
-0.00672731
-0.00677167
-0.00681772
-0.00686468
-0.0069107
-0.00695502
-0.00699914
-0.00704164
-0.00708546
-0.00712756
-0.00716896
-0.00720893
-0.00724732
-0.00728325
-0.00731672
-0.00734532
-0.00737284
-0.00738831
-0.00740386
0.00141368
0.00196883
0.00250433
0.00282359
0.00288526
0.00275688
0.00252933
0.00225871
0.00196526
0.00165096
0.00131782
0.000979809
0.000649783
0.000325115
-6.25228e-06
-0.000352257
-0.000714569
-0.00109941
-0.0015211
-0.0019884
-0.00250729
-0.00308276
-0.00370769
-0.00435918
-0.00500594
-0.00560941
-0.00611757
-0.00647558
-0.00664375
-0.00661548
-0.00642623
-0.00614059
-0.00582301
-0.00552505
-0.00527624
-0.00508543
-0.00494904
-0.00485997
-0.00481221
-0.00479715
-0.00480558
-0.00482916
-0.00486521
-0.00490915
-0.00495738
-0.00500794
-0.0050611
-0.00511235
-0.00516172
-0.00521278
-0.00526436
-0.00531595
-0.00536567
-0.00541644
-0.00546689
-0.00551718
-0.00556606
-0.00561509
-0.00566479
-0.00571217
-0.00575993
-0.00580521
-0.00585239
-0.00589769
-0.00594401
-0.00598914
-0.00603473
-0.00608239
-0.00612748
-0.00617464
-0.00621998
-0.00626735
-0.0063124
-0.00635679
-0.00640234
-0.00644687
-0.00649519
-0.00654181
-0.00658975
-0.00663607
-0.00668126
-0.00672634
-0.0067708
-0.00681694
-0.00686389
-0.00690988
-0.00695418
-0.00699835
-0.00704088
-0.00708475
-0.00712685
-0.00716827
-0.00720825
-0.00724668
-0.00728265
-0.00731614
-0.00734485
-0.00737234
-0.00738845
-0.00740387
0.00121609
0.00178047
0.00234645
0.0027248
0.00284736
0.00275023
0.00252399
0.00224053
0.00193477
0.00161364
0.0012776
0.000938024
0.000607465
0.000283369
-4.70427e-05
-0.000392223
-0.000753322
-0.00113456
-0.00155023
-0.00200961
-0.00251621
-0.00307331
-0.00367468
-0.00429874
-0.00491544
-0.00548939
-0.00597591
-0.00632818
-0.00650941
-0.00650901
-0.00635278
-0.00609543
-0.00579767
-0.00551159
-0.00526892
-0.00508121
-0.00494661
-0.00485863
-0.00481125
-0.00479607
-0.00480423
-0.00482745
-0.00486305
-0.0049066
-0.00495444
-0.00500456
-0.00505732
-0.00510845
-0.00515783
-0.00520884
-0.00526035
-0.00531194
-0.0053617
-0.00541248
-0.00546296
-0.00551335
-0.00556238
-0.00561152
-0.00566132
-0.00570884
-0.00575673
-0.00580215
-0.00584942
-0.00589484
-0.00594129
-0.00598662
-0.00603239
-0.00608023
-0.0061255
-0.00617278
-0.00621813
-0.00626547
-0.00631053
-0.00635502
-0.00640073
-0.00644547
-0.0064939
-0.00654057
-0.00658844
-0.0066347
-0.00667987
-0.00672507
-0.00676968
-0.00681594
-0.00686286
-0.00690882
-0.00695307
-0.0069973
-0.00703988
-0.0070838
-0.0071259
-0.00716734
-0.00720731
-0.00724579
-0.00728184
-0.00731532
-0.00734422
-0.00737162
-0.00738858
-0.00740388
0.0010323
0.00159753
0.00218292
0.00260835
0.00278962
0.00273359
0.00251894
0.00222721
0.00190822
0.00157709
0.00123501
0.000892145
0.000560404
0.000237025
-9.1598e-05
-0.00043491
-0.000794108
-0.00117124
-0.00157955
-0.00202951
-0.00252316
-0.00306128
-0.00363845
-0.00423507
-0.00482241
-0.00536826
-0.00583406
-0.00617976
-0.00637164
-0.00639674
-0.00627289
-0.00604525
-0.00576942
-0.00549686
-0.00526118
-0.00507664
-0.00494362
-0.00485662
-0.00480961
-0.00479436
-0.00480232
-0.00482526
-0.00486047
-0.00490364
-0.0049511
-0.00500078
-0.00505316
-0.00510416
-0.00515353
-0.00520447
-0.00525588
-0.00530748
-0.00535728
-0.00540807
-0.00545859
-0.00550911
-0.0055583
-0.00560757
-0.00565748
-0.00570516
-0.00575319
-0.00579875
-0.00584613
-0.00589168
-0.00593828
-0.00598383
-0.00602978
-0.00607784
-0.00612329
-0.00617072
-0.00621606
-0.00626336
-0.00630842
-0.00635301
-0.00639891
-0.00644388
-0.00649243
-0.00653916
-0.00658692
-0.00663312
-0.00667826
-0.00672362
-0.00676838
-0.00681478
-0.00686165
-0.00690756
-0.00695174
-0.00699606
-0.00703868
-0.00708266
-0.00712475
-0.00716621
-0.00720618
-0.0072447
-0.00728085
-0.00731431
-0.00734344
-0.00737075
-0.00738864
-0.00740388
0.000844869
0.00141154
0.00201422
0.00247753
0.00271171
0.00270219
0.00250779
0.00221442
0.00188418
0.0015416
0.00119107
0.000843019
0.000509282
0.000186636
-0.000139567
-0.000479899
-0.000836326
-0.00120903
-0.001609
-0.00204805
-0.00252797
-0.00304657
-0.00359903
-0.00416828
-0.0047272
-0.00524626
-0.00569193
-0.00602997
-0.00623023
-0.00627848
-0.00618586
-0.00598879
-0.00573673
-0.00547956
-0.00525221
-0.00507139
-0.00493986
-0.00485364
-0.00480698
-0.00479172
-0.00479959
-0.00482239
-0.0048573
-0.00490018
-0.00494732
-0.00499659
-0.00504856
-0.0050994
-0.00514877
-0.00519966
-0.00525097
-0.00530257
-0.00535244
-0.00540326
-0.00545383
-0.0055045
-0.00555389
-0.00560331
-0.00565334
-0.00570118
-0.00574936
-0.00579509
-0.00584257
-0.00588826
-0.00593502
-0.00598082
-0.00602696
-0.00607526
-0.00612092
-0.00616847
-0.0062138
-0.00626105
-0.00630611
-0.00635083
-0.00639694
-0.00644217
-0.00649083
-0.00653762
-0.00658526
-0.00663138
-0.00667649
-0.00672202
-0.00676694
-0.00681349
-0.00686032
-0.00690616
-0.00695027
-0.00699467
-0.00703735
-0.00708139
-0.00712347
-0.00716494
-0.00720491
-0.00724346
-0.00727974
-0.00731315
-0.00734255
-0.00736981
-0.00738863
-0.00740387
0.000650266
0.0012211
0.00184098
0.00233638
0.00261697
0.00265465
0.00248823
0.00219988
0.00186179
0.00150813
0.00114788
0.000792574
0.000455182
0.000132616
-0.000191176
-0.000527782
-0.000880093
-0.00124759
-0.00163852
-0.00206514
-0.00253003
-0.00302861
-0.00355612
-0.00409837
-0.00462996
-0.00512335
-0.00554927
-0.0058787
-0.0060853
-0.00615432
-0.00609131
-0.00592515
-0.00569872
-0.00545905
-0.00524166
-0.00506545
-0.00493563
-0.00484997
-0.0048035
-0.00478821
-0.00479602
-0.00481874
-0.00485344
-0.00489611
-0.00494303
-0.00499192
-0.00504349
-0.00509422
-0.00514362
-0.00519447
-0.00524568
-0.00529726
-0.00534723
-0.00539813
-0.00544873
-0.00549956
-0.00554918
-0.00559876
-0.00564892
-0.00569693
-0.00574527
-0.00579116
-0.00583876
-0.00588459
-0.00593152
-0.00597758
-0.00602394
-0.00607248
-0.00611836
-0.00616606
-0.00621137
-0.00625856
-0.00630363
-0.00634848
-0.00639481
-0.00644033
-0.00648912
-0.00653595
-0.00658346
-0.00662949
-0.00667458
-0.00672029
-0.00676541
-0.0068121
-0.00685888
-0.00690464
-0.00694868
-0.00699316
-0.00703591
-0.00708
-0.00712209
-0.00716354
-0.00720354
-0.00724211
-0.00727855
-0.00731189
-0.00734159
-0.00736883
-0.00738852
-0.00740387
0.000448286
0.00102627
0.00166516
0.00218955
0.00251043
0.00259311
0.00245907
0.00218161
0.00183949
0.00147643
0.0011062
0.000742033
0.000398867
7.53189e-05
-0.00024616
-0.000578487
-0.000925025
-0.00128589
-0.00166748
-0.00208065
-0.00252898
-0.00300713
-0.0035099
-0.00402573
-0.00453103
-0.00499971
-0.00540615
-0.0057262
-0.00593727
-0.00602471
-0.00598956
-0.00585414
-0.00565486
-0.00543486
-0.00522927
-0.00505877
-0.00493104
-0.00484578
-0.00479914
-0.00478366
-0.00479139
-0.00481408
-0.00484874
-0.00489136
-0.00493819
-0.00498681
-0.00503802
-0.00508866
-0.0051381
-0.0051889
-0.00524001
-0.00529158
-0.00534164
-0.00539264
-0.00544331
-0.00549428
-0.00554413
-0.00559391
-0.00564421
-0.00569239
-0.00574088
-0.00578695
-0.00583466
-0.00588065
-0.00592775
-0.00597411
-0.00602071
-0.00606951
-0.00611561
-0.00616345
-0.00620876
-0.00625588
-0.00630095
-0.00634594
-0.00639253
-0.00643834
-0.00648727
-0.00653416
-0.00658152
-0.00662746
-0.00667252
-0.00671843
-0.00676377
-0.0068106
-0.00685733
-0.006903
-0.00694698
-0.00699152
-0.00703437
-0.00707849
-0.00712062
-0.00716204
-0.00720208
-0.00724064
-0.00727728
-0.00731055
-0.00734056
-0.00736781
-0.0073883
-0.00740387
0.000241884
0.000829963
0.00148961
0.00204072
0.00239597
0.00251949
0.00241939
0.00215727
0.00181455
0.00144445
0.0010656
0.000692165
0.00034163
1.5774e-05
-0.000303555
-0.000631335
-0.000971088
-0.0013239
-0.00169572
-0.0020949
-0.0025253
-0.00298243
-0.00346078
-0.00395068
-0.00443064
-0.00487555
-0.00526287
-0.005573
-0.00578688
-0.00589051
-0.00588141
-0.00577598
-0.00560469
-0.00540624
-0.00521428
-0.00505076
-0.00492575
-0.00484101
-0.00479397
-0.00477809
-0.00478572
-0.00480849
-0.00484322
-0.00488594
-0.00493277
-0.00498122
-0.00503213
-0.00508267
-0.00513215
-0.00518291
-0.00523395
-0.00528553
-0.00533565
-0.00538675
-0.00543752
-0.00548864
-0.00553871
-0.00558869
-0.00563914
-0.00568751
-0.00573616
-0.0057824
-0.00583025
-0.00587642
-0.00592371
-0.00597037
-0.00601723
-0.00606631
-0.00611265
-0.00616065
-0.00620595
-0.00625299
-0.00629808
-0.00634322
-0.00639008
-0.00643621
-0.00648528
-0.00653222
-0.00657943
-0.00662527
-0.00667032
-0.00671642
-0.00676201
-0.00680899
-0.00685567
-0.00690122
-0.00694516
-0.00698976
-0.00703273
-0.00707687
-0.00711905
-0.00716041
-0.00720053
-0.00723908
-0.00727593
-0.00730912
-0.00733945
-0.00736675
-0.00738796
-0.00740385
3.60202e-05
0.00063516
0.00131542
0.00189064
0.00227471
0.00243384
0.00236754
0.00212461
0.00178482
0.00141044
0.00102544
0.000643889
0.000284969
-4.51077e-05
-0.000363115
-0.000686182
-0.00101873
-0.00136223
-0.001723
-0.00210781
-0.00251964
-0.00295504
-0.00340896
-0.00387336
-0.00432887
-0.00475115
-0.00511989
-0.00541967
-0.00563494
-0.00575249
-0.00576736
-0.00569077
-0.00554757
-0.00537205
-0.00519573
-0.00504094
-0.00491971
-0.00483596
-0.00478846
-0.0047718
-0.00477909
-0.0048019
-0.0048367
-0.00487955
-0.00492653
-0.00497495
-0.00502567
-0.00507617
-0.00512572
-0.00517647
-0.00522747
-0.00527907
-0.00532924
-0.00538038
-0.00543128
-0.00548259
-0.0055329
-0.00558309
-0.00563373
-0.00568231
-0.00573111
-0.00577753
-0.00582551
-0.00587187
-0.00591936
-0.00596635
-0.0060135
-0.00606288
-0.00610949
-0.00615762
-0.00620293
-0.00624988
-0.00629499
-0.00634029
-0.00638744
-0.00643392
-0.00648315
-0.00653013
-0.0065772
-0.00662291
-0.00666796
-0.00671426
-0.00676012
-0.00680726
-0.0068539
-0.0068993
-0.0069432
-0.00698788
-0.00703098
-0.00707513
-0.00711737
-0.00715868
-0.00719887
-0.0072374
-0.00727448
-0.00730761
-0.00733825
-0.00736564
-0.00738749
-0.00740381
-0.000166491
0.000442041
0.00114124
0.00173851
0.00214735
0.002337
0.00230317
0.00208266
0.00174976
0.0013734
0.000984416
0.000596696
0.000229431
-0.000106586
-0.000424489
-0.000742568
-0.00106758
-0.00140099
-0.00174912
-0.00211897
-0.00251244
-0.00292561
-0.00335458
-0.00379368
-0.00422568
-0.00462672
-0.00497757
-0.00526658
-0.00548203
-0.0056114
-0.00564785
-0.00559862
-0.00548327
-0.0053317
-0.005173
-0.00502894
-0.00491273
-0.00483046
-0.0047825
-0.00476466
-0.00477123
-0.00479403
-0.004829
-0.00487209
-0.00491942
-0.004968
-0.00501861
-0.00506913
-0.00511877
-0.00516954
-0.00522049
-0.0052721
-0.00532235
-0.00537355
-0.00542458
-0.00547615
-0.00552673
-0.00557709
-0.00562791
-0.00567672
-0.00572566
-0.00577226
-0.00582039
-0.00586696
-0.0059147
-0.00596205
-0.00600951
-0.0060592
-0.0061061
-0.00615436
-0.00619966
-0.00624652
-0.00629168
-0.00633715
-0.00638462
-0.00643146
-0.00648087
-0.00652788
-0.0065748
-0.00662038
-0.00666542
-0.00671194
-0.0067581
-0.0068054
-0.00685201
-0.00689724
-0.0069411
-0.00698585
-0.00702912
-0.00707327
-0.00711557
-0.00715681
-0.0071971
-0.00723562
-0.00727294
-0.00730602
-0.00733694
-0.00736448
-0.0073869
-0.0074037
-0.000365368
0.000249938
0.000966013
0.00158401
0.00201527
0.00223108
0.00222695
0.00203069
0.00170824
0.00133187
0.000940543
0.000549155
0.000175177
-0.000167398
-0.000486419
-0.000799743
-0.00111686
-0.00143985
-0.00177428
-0.0021282
-0.00250351
-0.00289462
-0.00329805
-0.00371171
-0.00412116
-0.00450254
-0.00483645
-0.0051143
-0.0053287
-0.00546803
-0.00552373
-0.00550007
-0.00541198
-0.00528488
-0.00514522
-0.00501363
-0.00490392
-0.0048239
-0.00477585
-0.00475693
-0.00476242
-0.00478501
-0.00482019
-0.00486355
-0.00491124
-0.00496009
-0.00501074
-0.00506143
-0.00511126
-0.00516205
-0.005213
-0.00526465
-0.00531502
-0.00536629
-0.0054174
-0.0054692
-0.00552011
-0.00557064
-0.00562161
-0.00567068
-0.00571983
-0.00576663
-0.00581491
-0.0058617
-0.00590969
-0.00595742
-0.00600522
-0.00605525
-0.00610246
-0.00615087
-0.00619618
-0.00624291
-0.00628812
-0.00633378
-0.0063816
-0.00642881
-0.00647843
-0.00652548
-0.00657223
-0.00661765
-0.00666271
-0.00670944
-0.00675595
-0.0068034
-0.00685
-0.00689504
-0.00693885
-0.00698367
-0.00702714
-0.00707128
-0.00711364
-0.00715483
-0.0071952
-0.00723373
-0.00727128
-0.00730436
-0.00733553
-0.00736323
-0.00738618
-0.00740353
-0.000562299
5.78176e-05
0.000788872
0.00142677
0.00187917
0.00211755
0.00213915
0.00196727
0.00165865
0.00128506
0.000892953
0.000500323
0.000122104
-0.000226524
-0.000547794
-0.000857286
-0.00116629
-0.00147844
-0.00179889
-0.00213581
-0.00249242
-0.00286225
-0.00324047
-0.00362818
-0.00401555
-0.00437881
-0.00469707
-0.00496366
-0.00517563
-0.00532324
-0.00539606
-0.00539562
-0.00533366
-0.00523113
-0.00511134
-0.00499391
-0.00489269
-0.00481625
-0.00476874
-0.0047489
-0.00475297
-0.00477483
-0.00481009
-0.00485375
-0.00490182
-0.00495108
-0.00500199
-0.00505299
-0.00510313
-0.00515397
-0.00520493
-0.00525667
-0.00530716
-0.00535852
-0.0054097
-0.00546167
-0.00551299
-0.00556381
-0.00561493
-0.00566425
-0.00571362
-0.00576059
-0.005809
-0.00585601
-0.00590429
-0.00595248
-0.00600067
-0.00605104
-0.00609859
-0.00614713
-0.00619243
-0.006239
-0.00628428
-0.00633016
-0.00637836
-0.006426
-0.00647583
-0.0065229
-0.00656947
-0.00661472
-0.0066598
-0.00670677
-0.00675366
-0.00680126
-0.00684784
-0.00689268
-0.00693645
-0.00698132
-0.00702501
-0.00706917
-0.00711157
-0.00715272
-0.00719317
-0.00723173
-0.00726951
-0.00730261
-0.00733399
-0.0073619
-0.00738534
-0.00740328
-0.000757813
-0.000133811
0.000610257
0.00126675
0.00173909
0.00199744
0.00204103
0.00189242
0.00160054
0.00123293
0.000841621
0.00044931
6.92527e-05
-0.000283883
-0.000607657
-0.000914147
-0.0012152
-0.00151616
-0.00182259
-0.00214204
-0.00247912
-0.00282853
-0.0031831
-0.00354454
-0.00390919
-0.00425539
-0.00455966
-0.00481529
-0.0050233
-0.00517727
-0.00526528
-0.00528578
-0.00524839
-0.0051704
-0.00507122
-0.00496927
-0.00487834
-0.00480709
-0.00476079
-0.0047402
-0.00474286
-0.00476365
-0.0047987
-0.00484271
-0.00489122
-0.00494093
-0.00499225
-0.0050437
-0.00509424
-0.00514525
-0.00519624
-0.00524806
-0.0052987
-0.00535019
-0.00540154
-0.0054537
-0.00550541
-0.00555657
-0.00560782
-0.00565729
-0.00570685
-0.00575407
-0.00580267
-0.00584995
-0.00589854
-0.00594721
-0.00599582
-0.00604654
-0.00609443
-0.00614308
-0.0061884
-0.0062348
-0.00628017
-0.00632629
-0.00637493
-0.00642301
-0.00647304
-0.00652011
-0.0065665
-0.00661158
-0.00665669
-0.00670391
-0.0067512
-0.00679898
-0.00684551
-0.00689015
-0.00693388
-0.00697884
-0.00702272
-0.00706692
-0.00710937
-0.00715048
-0.007191
-0.00722961
-0.0072676
-0.00730077
-0.00733233
-0.00736047
-0.00738437
-0.00740291
-0.000951277
-0.000323738
0.000431192
0.00110414
0.00159512
0.00187228
0.0019354
0.00180797
0.00153407
0.00117531
0.000786377
0.00039537
1.56494e-05
-0.00033964
-0.000665193
-0.00096911
-0.00126286
-0.00155279
-0.00184508
-0.00214723
-0.00246444
-0.00279351
-0.00312612
-0.00346197
-0.00380264
-0.00413186
-0.00442394
-0.00466954
-0.00487238
-0.00503059
-0.00513216
-0.00517187
-0.00515709
-0.00510285
-0.00502476
-0.004939
-0.00485962
-0.00479539
-0.00475165
-0.00473075
-0.00473223
-0.00475185
-0.00478614
-0.00483028
-0.00487934
-0.00492948
-0.0049812
-0.00503325
-0.00508437
-0.00513573
-0.00518686
-0.00523879
-0.0052897
-0.00534138
-0.00539292
-0.00544522
-0.00549719
-0.00554868
-0.00560021
-0.00564989
-0.00569963
-0.00574715
-0.00579593
-0.00584345
-0.00589234
-0.00594151
-0.0059906
-0.00604174
-0.00609001
-0.00613877
-0.00618409
-0.0062303
-0.00627574
-0.00632214
-0.00637125
-0.00641981
-0.00647006
-0.00651712
-0.0065633
-0.00660822
-0.00665337
-0.00670087
-0.00674858
-0.00679653
-0.00684303
-0.00688745
-0.00693115
-0.00697621
-0.00702028
-0.00706451
-0.00710701
-0.0071481
-0.00718868
-0.00722737
-0.00726557
-0.00729882
-0.00733054
-0.00735892
-0.00738328
-0.00740241
-0.00114348
-0.000512402
0.0002517
0.000938872
0.00144737
0.00174279
0.00182381
0.00171487
0.00145841
0.00111085
0.000726467
0.000337968
-3.96008e-05
-0.000394612
-0.000720531
-0.00102174
-0.00130866
-0.00158814
-0.00186624
-0.00215124
-0.00244889
-0.00275722
-0.00306886
-0.00338109
-0.00369734
-0.00400868
-0.00429004
-0.00452724
-0.00472431
-0.00488447
-0.00499766
-0.00505496
-0.00506051
-0.00502836
-0.0049715
-0.00490273
-0.00483578
-0.00478025
-0.00474092
-0.00472048
-0.00472088
-0.00473939
-0.00477258
-0.00481644
-0.00486608
-0.00491673
-0.00496876
-0.0050215
-0.00507351
-0.00512543
-0.00517685
-0.00522892
-0.00528006
-0.00533191
-0.00538363
-0.00543615
-0.00548848
-0.00554032
-0.00559219
-0.00564211
-0.0056919
-0.00573961
-0.00578862
-0.00583645
-0.00588571
-0.00593548
-0.00598511
-0.00603668
-0.0060853
-0.00613411
-0.00617942
-0.00622544
-0.006271
-0.00631771
-0.00636733
-0.00641641
-0.00646687
-0.0065139
-0.00655986
-0.00660463
-0.00664985
-0.00669763
-0.00674578
-0.0067939
-0.00684034
-0.00688456
-0.00692821
-0.0069734
-0.00701766
-0.00706193
-0.00710448
-0.0071456
-0.00718622
-0.007225
-0.0072634
-0.00729676
-0.00732862
-0.00735726
-0.00738205
-0.00740177
-0.0013348
-0.000699877
7.24814e-05
0.000772034
0.00129656
0.00160948
0.00170726
0.00161463
0.00137425
0.0010393
0.000661877
0.0002774
-9.66854e-05
-0.000449382
-0.000773954
-0.00107191
-0.00135202
-0.00162146
-0.00188585
-0.00215387
-0.00243252
-0.0027203
-0.00301132
-0.00330224
-0.00359532
-0.00388739
-0.00415804
-0.00438847
-0.00457979
-0.00473971
-0.00486193
-0.00493508
-0.0049593
-0.00494742
-0.00491135
-0.00486043
-0.00480656
-0.00476071
-0.00472769
-0.00470913
-0.00470868
-0.00472613
-0.00475835
-0.0048015
-0.0048514
-0.00490269
-0.00495507
-0.00500844
-0.00506151
-0.00511419
-0.00516593
-0.00521818
-0.00526957
-0.00532172
-0.00537382
-0.00542664
-0.00547937
-0.00553144
-0.00558348
-0.00563368
-0.00568358
-0.00573149
-0.00578081
-0.00582909
-0.00587874
-0.00592908
-0.00597923
-0.00603121
-0.00608022
-0.00612908
-0.00617441
-0.00622026
-0.00626598
-0.00631304
-0.00636317
-0.00641277
-0.00646343
-0.00651044
-0.00655618
-0.00660081
-0.00664611
-0.0066942
-0.00674278
-0.00679107
-0.00683744
-0.0068815
-0.0069251
-0.00697044
-0.0070149
-0.0070592
-0.00710177
-0.00714294
-0.00718363
-0.00722249
-0.00726108
-0.00729457
-0.00732656
-0.00735546
-0.0073807
-0.00740099
-0.00152437
-0.000885044
-0.000104889
0.000605507
0.00114387
0.00147282
0.00158658
0.00150894
0.00128314
0.000960862
0.000592177
0.000213431
-0.000155895
-0.000504521
-0.000825993
-0.00111984
-0.00139264
-0.00165203
-0.00190359
-0.00215514
-0.00241514
-0.00268332
-0.00295428
-0.00322549
-0.00349755
-0.00376947
-0.00402768
-0.00425233
-0.00443896
-0.00459725
-0.0047258
-0.00481285
-0.00485465
-0.00486139
-0.00484469
-0.00481192
-0.00477198
-0.00473623
-0.0047108
-0.00469611
-0.00469558
-0.00471187
-0.00474332
-0.00478568
-0.00483527
-0.00488718
-0.00494013
-0.00499392
-0.00504788
-0.00510157
-0.00515392
-0.00520662
-0.00525851
-0.00531097
-0.00536345
-0.00541652
-0.00546959
-0.00552193
-0.00557413
-0.00562471
-0.00567488
-0.00572299
-0.00577245
-0.00582117
-0.00587124
-0.00592219
-0.00597294
-0.00602537
-0.00607483
-0.00612374
-0.00616906
-0.00621473
-0.00626063
-0.00630808
-0.00635874
-0.00640886
-0.00645973
-0.00650672
-0.00655223
-0.00659674
-0.00664216
-0.00669058
-0.00673959
-0.00678805
-0.00683435
-0.00687824
-0.00692182
-0.0069673
-0.00701194
-0.0070563
-0.00709887
-0.0071401
-0.00718089
-0.00721983
-0.00725861
-0.00729225
-0.00732436
-0.00735352
-0.00737919
-0.0074
-0.0017121
-0.00106791
-0.000280307
0.000439632
0.000989739
0.00133287
0.0014619
0.00139853
0.0011862
0.000876075
0.000517144
0.000145906
-0.000217151
-0.000560194
-0.000876932
-0.0011657
-0.00143066
-0.00167971
-0.00191912
-0.0021552
-0.00239709
-0.00264683
-0.00289884
-0.00315092
-0.00340366
-0.00365607
-0.00389999
-0.00411867
-0.00430232
-0.0044586
-0.00459086
-0.00468933
-0.00474724
-0.00477112
-0.00477188
-0.00475664
-0.00473164
-0.00470652
-0.00468919
-0.00468026
-0.00468134
-0.00469661
-0.00472726
-0.00476915
-0.00481814
-0.00487023
-0.00492381
-0.00497797
-0.00503265
-0.00508764
-0.00514105
-0.0051943
-0.00524669
-0.00529936
-0.0053522
-0.00540572
-0.00545928
-0.00551205
-0.00556441
-0.00561514
-0.00566549
-0.00571382
-0.00576336
-0.00581258
-0.0058633
-0.00591502
-0.00596637
-0.0060192
-0.00606903
-0.00611794
-0.00616327
-0.00620879
-0.00625496
-0.00630286
-0.00635407
-0.0064047
-0.00645572
-0.00650271
-0.00654801
-0.00659245
-0.006638
-0.00668675
-0.00673618
-0.00678479
-0.00683099
-0.00687476
-0.00691833
-0.00696399
-0.00700877
-0.0070532
-0.0070958
-0.00713711
-0.007178
-0.00721705
-0.00725599
-0.00728977
-0.00732199
-0.00735142
-0.00737754
-0.00739886
-0.00189799
-0.00124881
-0.000453842
0.000274772
0.000835224
0.00119075
0.00133397
0.00128449
0.00108495
0.000786512
0.000437505
7.48837e-05
-0.000280474
-0.00061672
-0.000927338
-0.00121003
-0.00146684
-0.00170519
-0.00193264
-0.00215448
-0.00237914
-0.00261091
-0.00284497
-0.00307847
-0.00331307
-0.00354789
-0.00377688
-0.0039881
-0.00416967
-0.00432429
-0.00445807
-0.00456509
-0.00463716
-0.00467711
-0.00469391
-0.00469504
-0.00468548
-0.00467193
-0.00466276
-0.0046606
-0.00466544
-0.00468053
-0.00471001
-0.00475158
-0.00480023
-0.00485195
-0.0049059
-0.00496081
-0.0050162
-0.00507223
-0.00512678
-0.00518072
-0.00523373
-0.00528691
-0.00534031
-0.00539441
-0.0054485
-0.00550159
-0.00555404
-0.00560478
-0.00565525
-0.00570408
-0.00575388
-0.00580355
-0.00585492
-0.00590747
-0.00595937
-0.00601253
-0.00606277
-0.00611169
-0.0061571
-0.00620252
-0.006249
-0.00629737
-0.00634915
-0.00640026
-0.00645137
-0.00649836
-0.00654347
-0.00658792
-0.00663362
-0.00668271
-0.00673256
-0.0067813
-0.00682741
-0.00687109
-0.00691466
-0.00696053
-0.00700545
-0.00704989
-0.00709256
-0.00713395
-0.00717492
-0.0072141
-0.00725322
-0.00728713
-0.00731948
-0.00734919
-0.00737573
-0.00739749
-0.00208127
-0.00142744
-0.000625108
0.000111675
0.000681403
0.00104769
0.00120353
0.00116739
0.000980219
0.00069309
0.000353906
2.67804e-07
-0.000346254
-0.000674452
-0.000977552
-0.00125295
-0.00150146
-0.00172897
-0.00194416
-0.00215256
-0.00236101
-0.0025752
-0.00279233
-0.00300874
-0.00322633
-0.00344531
-0.00365991
-0.00386176
-0.00404057
-0.00419427
-0.00432852
-0.0044416
-0.00452563
-0.00458034
-0.00461213
-0.00462808
-0.00463326
-0.0046321
-0.00463151
-0.00463623
-0.00464654
-0.00466327
-0.00469148
-0.00473248
-0.00478147
-0.00483295
-0.00488662
-0.0049423
-0.00499844
-0.00505501
-0.00511067
-0.00516592
-0.00521998
-0.00527384
-0.00532779
-0.00538229
-0.00543691
-0.0054904
-0.00554308
-0.00559399
-0.00564448
-0.00569378
-0.00574388
-0.00579396
-0.00584585
-0.00589937
-0.00595202
-0.00600549
-0.00605612
-0.00610501
-0.00615047
-0.00619582
-0.00624267
-0.00629159
-0.00634396
-0.00639557
-0.00644672
-0.0064937
-0.00653864
-0.00658314
-0.00662907
-0.00667846
-0.00672871
-0.00677754
-0.00682355
-0.00686721
-0.00691081
-0.00695688
-0.00700191
-0.00704634
-0.0070891
-0.00713063
-0.0071717
-0.00721097
-0.0072503
-0.00728435
-0.00731678
-0.00734678
-0.00737374
-0.0073959
-0.00226129
-0.00160345
-0.000794018
-4.93071e-05
0.000528829
0.000904661
0.00107159
0.0010479
0.000872853
0.000596836
0.000267581
-7.71459e-05
-0.000414357
-0.000733353
-0.00102774
-0.00129469
-0.00153463
-0.00175144
-0.00195406
-0.00214941
-0.00234283
-0.00254037
-0.00274159
-0.00294257
-0.00314431
-0.00334818
-0.00354934
-0.00374092
-0.00391538
-0.00406856
-0.00420331
-0.00432043
-0.00441381
-0.00448125
-0.00452683
-0.00455637
-0.00457505
-0.00458657
-0.00459562
-0.00460727
-0.00462365
-0.00464412
-0.00467203
-0.00471205
-0.00476167
-0.00481343
-0.00486612
-0.00492194
-0.00497924
-0.00503654
-0.00509316
-0.00514992
-0.00520529
-0.00525973
-0.00531426
-0.00536926
-0.00542462
-0.0054788
-0.00553175
-0.0055827
-0.00563298
-0.00568255
-0.00573311
-0.0057839
-0.00583636
-0.00589084
-0.00594436
-0.00599807
-0.00604895
-0.00609773
-0.00614331
-0.00618872
-0.00623608
-0.00628561
-0.00633857
-0.00639066
-0.0064417
-0.00648862
-0.00653342
-0.00657807
-0.00662433
-0.00667401
-0.00672459
-0.00677352
-0.00681943
-0.00686313
-0.00690678
-0.00695302
-0.00699816
-0.00704257
-0.00708545
-0.00712718
-0.00716835
-0.00720764
-0.00724716
-0.00728143
-0.00731392
-0.0073442
-0.00737159
-0.00739409
-0.00243746
-0.00177623
-0.000960249
-0.000207754
0.000378345
0.000762833
0.000939607
0.000927159
0.000763861
0.000498721
0.00017938
-0.000156546
-0.000484614
-0.000793687
-0.0010784
-0.00133578
-0.00156644
-0.001773
-0.00196334
-0.00214581
-0.00232522
-0.0025072
-0.00269322
-0.0028798
-0.00306681
-0.00325608
-0.00344474
-0.00362658
-0.00379536
-0.0039473
-0.00408273
-0.00420249
-0.00430269
-0.00438068
-0.00443881
-0.0044811
-0.0045121
-0.0045357
-0.00455517
-0.00457409
-0.00459627
-0.00462189
-0.00465152
-0.0046904
-0.00474
-0.00479276
-0.00484495
-0.00490028
-0.00495874
-0.0050172
-0.00507428
-0.00513198
-0.00518905
-0.00524457
-0.00529992
-0.00535563
-0.0054117
-0.00546651
-0.00551968
-0.00557063
-0.0056208
-0.00567072
-0.00572173
-0.00577343
-0.00582653
-0.00588176
-0.00593612
-0.00599017
-0.00604134
-0.00608998
-0.00613574
-0.00618124
-0.00622918
-0.00627936
-0.00633285
-0.00638539
-0.00643627
-0.00648315
-0.00652787
-0.00657276
-0.00661945
-0.0066694
-0.00672022
-0.00676919
-0.00681504
-0.00685887
-0.0069026
-0.00694899
-0.0069942
-0.00703858
-0.00708158
-0.00712354
-0.00716486
-0.0072041
-0.00724379
-0.00727837
-0.00731091
-0.00734143
-0.00736925
-0.00739204
-0.0026091
-0.00194497
-0.00112317
-0.000363246
0.000230608
0.000623038
0.000808627
0.000806141
0.00065382
0.000399299
8.97297e-05
-0.000237244
-0.000556437
-0.000855296
-0.00112944
-0.00137645
-0.00159714
-0.00179396
-0.00197277
-0.00214238
-0.00230839
-0.00247575
-0.00264714
-0.0028201
-0.00299369
-0.00316973
-0.00334672
-0.00351944
-0.00368189
-0.00383111
-0.00396681
-0.00408851
-0.00419366
-0.00428014
-0.00434908
-0.00440304
-0.00444539
-0.00447983
-0.00450958
-0.00453668
-0.00456468
-0.00459575
-0.00462894
-0.00466759
-0.0047165
-0.00477084
-0.00482365
-0.00487787
-0.0049364
-0.00499629
-0.00505415
-0.00511233
-0.0051713
-0.00522865
-0.00528496
-0.00534121
-0.0053979
-0.00545333
-0.00550693
-0.00555803
-0.00560807
-0.00565833
-0.00570967
-0.00576233
-0.00581633
-0.00587232
-0.00592738
-0.00598184
-0.0060333
-0.00608166
-0.0061276
-0.00617326
-0.00622192
-0.00627287
-0.0063269
-0.00637988
-0.00643052
-0.00647733
-0.006522
-0.0065672
-0.00661441
-0.00666462
-0.00671558
-0.00676448
-0.00681033
-0.00685446
-0.00689831
-0.00694479
-0.00699001
-0.00703427
-0.00707751
-0.00711976
-0.00716125
-0.00720043
-0.00724022
-0.0072751
-0.00730773
-0.00733848
-0.0073667
-0.00738974
-0.00277572
-0.00210893
-0.00128196
-0.000515245
8.60524e-05
0.000485931
0.000679477
0.000685858
0.000543511
0.000299328
-5.6625e-07
-0.000318395
-0.000628673
-0.000917582
-0.00118091
-0.00141738
-0.00162767
-0.00181468
-0.00198259
-0.00213958
-0.00229262
-0.00244621
-0.00260372
-0.00276409
-0.00292571
-0.00308986
-0.00325563
-0.00341919
-0.00357531
-0.00372081
-0.00385582
-0.00397901
-0.00408785
-0.00418092
-0.00425873
-0.00432284
-0.00437558
-0.00441981
-0.00445919
-0.00449519
-0.00452943
-0.00456544
-0.00460325
-0.00464367
-0.0046919
-0.00474719
-0.00480133
-0.00485473
-0.00491251
-0.00497384
-0.00503339
-0.00509181
-0.00515203
-0.00521153
-0.00526914
-0.00532576
-0.00538316
-0.00543937
-0.00549342
-0.00554482
-0.00559473
-0.00564537
-0.00569707
-0.00575062
-0.00580571
-0.00586267
-0.00591821
-0.0059728
-0.00602463
-0.00607277
-0.00611896
-0.00616496
-0.00621448
-0.00626633
-0.00632078
-0.00637402
-0.00642427
-0.00647103
-0.00651576
-0.00656143
-0.00660921
-0.00665958
-0.00671064
-0.00675942
-0.00680532
-0.00684993
-0.00689395
-0.00694039
-0.00698559
-0.00702973
-0.00707323
-0.00711586
-0.00715752
-0.00719659
-0.00723638
-0.00727165
-0.00730442
-0.00733535
-0.00736392
-0.00738715
-0.00293695
-0.00226752
-0.00143588
-0.0006631
-5.48955e-05
0.000352093
0.000552972
0.000567427
0.000434144
0.000199856
-9.03583e-05
-0.000399037
-0.000700503
-0.000980296
-0.00123332
-0.0014592
-0.00165875
-0.00183525
-0.00199265
-0.00213783
-0.00227852
-0.00241939
-0.00256396
-0.00271247
-0.00286294
-0.00301598
-0.00317116
-0.00332573
-0.00347585
-0.0036175
-0.00375058
-0.00387442
-0.00398609
-0.00408411
-0.00416888
-0.00424143
-0.00430358
-0.00435692
-0.00440492
-0.00444955
-0.00449066
-0.00453156
-0.00457414
-0.00461796
-0.00466614
-0.00472145
-0.00477736
-0.00483134
-0.00488814
-0.00494992
-0.00501148
-0.00507053
-0.00513121
-0.00519266
-0.00525245
-0.00530972
-0.0053676
-0.00542463
-0.0054792
-0.00553093
-0.00558077
-0.00563171
-0.0056839
-0.00573855
-0.00579468
-0.00585273
-0.00590873
-0.00596311
-0.0060153
-0.00606341
-0.00610997
-0.00615636
-0.00620679
-0.00625956
-0.0063143
-0.00636772
-0.00641754
-0.00646435
-0.00650925
-0.00655548
-0.00660394
-0.00665439
-0.00670544
-0.00675404
-0.00679995
-0.00684518
-0.00688956
-0.00693587
-0.00698095
-0.00702494
-0.00706866
-0.00711176
-0.00715366
-0.00719264
-0.00723236
-0.00726801
-0.00730096
-0.00733204
-0.00736093
-0.00738429
-0.00309254
-0.00242042
-0.00158446
-0.000806189
-0.000191694
0.000222056
0.000429887
0.000451865
0.000326914
0.000101837
-0.00017895
-0.000478827
-0.000771913
-0.00104327
-0.00128659
-0.00150174
-0.00169027
-0.00185584
-0.00200311
-0.00213775
-0.00226701
-0.00239598
-0.00252817
-0.00266508
-0.00280515
-0.00294805
-0.00309372
-0.00323986
-0.00338382
-0.00352152
-0.00365187
-0.00377525
-0.00388886
-0.00399047
-0.00408076
-0.00416028
-0.00423046
-0.0042921
-0.0043477
-0.00440014
-0.00444854
-0.00449474
-0.00454154
-0.00458932
-0.00463898
-0.00469439
-0.00475184
-0.0048073
-0.00486352
-0.00492465
-0.00498785
-0.00504846
-0.00510969
-0.00517242
-0.00523485
-0.00529336
-0.0053513
-0.00540891
-0.00546398
-0.00551605
-0.00556602
-0.0056176
-0.00567041
-0.0057263
-0.0057834
-0.00584241
-0.00589902
-0.00595286
-0.00600514
-0.00605335
-0.00610056
-0.0061475
-0.00619889
-0.00625268
-0.00630762
-0.00636111
-0.00641033
-0.00645723
-0.00650251
-0.00654947
-0.00659872
-0.00664898
-0.00669983
-0.00674826
-0.00679424
-0.00684023
-0.00688516
-0.00693123
-0.00697604
-0.00701991
-0.00706387
-0.00710752
-0.00714974
-0.00718857
-0.00722808
-0.00726415
-0.0072974
-0.00732855
-0.00735768
-0.00738117
-0.00324216
-0.00256724
-0.00172715
-0.000943753
-0.000323479
9.66007e-05
0.000311059
0.000340059
0.000222738
5.93183e-06
-0.000266146
-0.000557623
-0.000842581
-0.00110566
-0.00133979
-0.00154449
-0.00172231
-0.00187742
-0.00201494
-0.00213982
-0.00225816
-0.00237574
-0.00249641
-0.00262241
-0.00275291
-0.00288659
-0.00302347
-0.00316166
-0.0032992
-0.00343282
-0.00356042
-0.00368225
-0.00379665
-0.00390091
-0.00399556
-0.00408066
-0.00415721
-0.00422616
-0.00428862
-0.00434784
-0.00440324
-0.00445518
-0.00450612
-0.00455797
-0.00461036
-0.00466634
-0.00472461
-0.00478171
-0.00483837
-0.00489865
-0.00496291
-0.00502577
-0.00508814
-0.00515135
-0.00521587
-0.0052763
-0.00533422
-0.00539196
-0.00544776
-0.00550061
-0.00555086
-0.00560317
-0.00565659
-0.00571371
-0.00577194
-0.00583165
-0.0058889
-0.00594221
-0.00599424
-0.0060426
-0.00609084
-0.00613862
-0.00619095
-0.0062457
-0.00630064
-0.00635403
-0.00640261
-0.00644973
-0.00649566
-0.00654335
-0.00659338
-0.00664334
-0.00669383
-0.00674218
-0.00678836
-0.00683509
-0.00688068
-0.00692653
-0.006971
-0.00701475
-0.00705888
-0.00710304
-0.00714559
-0.00718439
-0.0072237
-0.00726009
-0.00729364
-0.00732483
-0.00735415
-0.0073778
-0.00338521
-0.00270743
-0.00186335
-0.00107512
-0.000449466
-2.35787e-05
0.000197028
0.000232452
0.000122029
-8.73855e-05
-0.000351488
-0.000634782
-0.000911654
-0.00116662
-0.00139224
-0.00158756
-0.00175556
-0.00190077
-0.00202836
-0.00214349
-0.00225178
-0.00235912
-0.00246957
-0.00258532
-0.00270652
-0.00283154
-0.0029602
-0.00309106
-0.00322231
-0.0033516
-0.00347639
-0.003596
-0.00371009
-0.0038162
-0.00391404
-0.00400358
-0.00408513
-0.00416012
-0.00422872
-0.0042938
-0.00435563
-0.00441353
-0.00446871
-0.00452412
-0.00457959
-0.00463689
-0.00469594
-0.00475458
-0.00481275
-0.00487287
-0.00493734
-0.00500201
-0.00506603
-0.00512979
-0.00519557
-0.00525828
-0.00531695
-0.00537454
-0.00543074
-0.00548436
-0.00553483
-0.00558803
-0.00564259
-0.00570099
-0.00576053
-0.00582082
-0.00587841
-0.00593118
-0.00598276
-0.0060311
-0.00608068
-0.0061298
-0.006183
-0.00623858
-0.00629333
-0.00634656
-0.00639453
-0.00644186
-0.0064886
-0.00653714
-0.00658804
-0.00663766
-0.00668762
-0.00673581
-0.0067823
-0.00682975
-0.00687611
-0.00692184
-0.00696577
-0.00700944
-0.00705369
-0.00709835
-0.00714129
-0.00718014
-0.00721922
-0.00725579
-0.00728976
-0.007321
-0.0073503
-0.00737406
-0.00352115
-0.00284051
-0.00199262
-0.00119989
-0.000569266
-0.000138107
8.80803e-05
0.000129366
2.52707e-05
-0.000177303
-0.000434003
-0.000709508
-0.000978648
-0.00122601
-0.001444
-0.00163105
-0.00178984
-0.00192533
-0.0020432
-0.00214919
-0.00224862
-0.0023467
-0.00244758
-0.00255365
-0.00266587
-0.00278295
-0.00290404
-0.00302803
-0.00315332
-0.00327803
-0.00339985
-0.00351717
-0.00363021
-0.00373716
-0.00383703
-0.00392988
-0.00401542
-0.00409514
-0.00416918
-0.00423945
-0.0043067
-0.00437002
-0.0044295
-0.00448836
-0.00454692
-0.00460623
-0.00466643
-0.00472643
-0.00478633
-0.00484695
-0.00491125
-0.00497717
-0.00504352
-0.0051086
-0.005175
-0.00523938
-0.00529929
-0.00535649
-0.00541233
-0.00546697
-0.00551842
-0.0055728
-0.0056288
-0.00568847
-0.0057491
-0.00580978
-0.00586742
-0.00591948
-0.0059708
-0.00601924
-0.00607014
-0.00612109
-0.00617519
-0.0062314
-0.00628568
-0.00633864
-0.00638608
-0.00643364
-0.00648156
-0.00653109
-0.00658271
-0.00663189
-0.00668117
-0.00672908
-0.00677616
-0.00682432
-0.00687131
-0.00691709
-0.00696047
-0.00700413
-0.00704846
-0.00709353
-0.00713683
-0.00717575
-0.00721477
-0.00725141
-0.00728568
-0.00731696
-0.00734614
-0.00736995
-0.00364942
-0.00296603
-0.00211458
-0.00131774
-0.000682539
-0.000246511
-1.51683e-05
3.15686e-05
-6.66812e-05
-0.000262957
-0.000513008
-0.000781543
-0.00104365
-0.00128397
-0.00149479
-0.0016741
-0.00182442
-0.00195104
-0.00206014
-0.00215759
-0.00224861
-0.00233801
-0.00243009
-0.00252752
-0.00263144
-0.00274103
-0.0028551
-0.00297263
-0.00309241
-0.00321251
-0.00333112
-0.00344615
-0.00355749
-0.00366417
-0.00376512
-0.0038604
-0.00394924
-0.00403272
-0.00411118
-0.00418581
-0.00425733
-0.00432547
-0.00438942
-0.00445172
-0.00451315
-0.00457449
-0.00463608
-0.00469732
-0.00475882
-0.00482079
-0.00488563
-0.00495254
-0.00502088
-0.00508761
-0.00515434
-0.00521952
-0.00528062
-0.00533803
-0.00539343
-0.00544899
-0.00550196
-0.00555745
-0.00561502
-0.00567607
-0.00573758
-0.00579834
-0.00585603
-0.00590744
-0.0059585
-0.00600737
-0.0060594
-0.00611237
-0.00616746
-0.00622409
-0.00627763
-0.00633016
-0.00637753
-0.00642552
-0.00647465
-0.00652501
-0.00657717
-0.00662588
-0.00667468
-0.00672226
-0.00676993
-0.00681882
-0.00686632
-0.00691242
-0.00695522
-0.00699896
-0.00704333
-0.00708847
-0.00713219
-0.00717127
-0.00721037
-0.007247
-0.00728147
-0.00731284
-0.00734176
-0.00736545
-0.00376943
-0.00308345
-0.0022287
-0.00142809
-0.000788684
-0.000348093
-0.000111976
-6.02664e-05
-0.000153353
-0.000344126
-0.000588377
-0.000850728
-0.00110637
-0.00134
-0.001544
-0.00171635
-0.00185931
-0.00197813
-0.00207909
-0.00216835
-0.00225137
-0.00233298
-0.00241729
-0.00250698
-0.00260327
-0.00270576
-0.00281341
-0.002925
-0.0030396
-0.00315525
-0.0032704
-0.00338294
-0.00349222
-0.00359808
-0.00369954
-0.00379648
-0.00388775
-0.00397386
-0.00405552
-0.00413379
-0.00420907
-0.00428132
-0.00434932
-0.00441469
-0.00447868
-0.00454198
-0.00460511
-0.00466793
-0.00473119
-0.00479496
-0.0048608
-0.00492843
-0.00499824
-0.00506678
-0.00513405
-0.00519947
-0.0052614
-0.00531939
-0.00537445
-0.00543029
-0.00548522
-0.00554236
-0.00560151
-0.00566394
-0.00572617
-0.00578669
-0.00584427
-0.00589513
-0.0059458
-0.00599563
-0.00604882
-0.00610361
-0.00615968
-0.00621648
-0.0062692
-0.00632136
-0.00636898
-0.00641739
-0.00646766
-0.0065188
-0.00657152
-0.00661981
-0.00666822
-0.00671544
-0.00676364
-0.00681337
-0.00686111
-0.00690768
-0.00695013
-0.00699384
-0.00703823
-0.00708334
-0.00712752
-0.00716676
-0.00720611
-0.00724281
-0.00727724
-0.00730857
-0.00733735
-0.00736149
-0.00388057
-0.00319214
-0.00233438
-0.00153037
-0.000887205
-0.000442494
-0.000202067
-0.000145938
-0.000234502
-0.000420474
-0.000659548
-0.000916323
-0.00116606
-0.00139363
-0.00159154
-0.00175774
-0.00189424
-0.00200606
-0.0020996
-0.00218134
-0.00225709
-0.00233167
-0.00240905
-0.00249179
-0.00258123
-0.00267717
-0.00277888
-0.00288501
-0.00299466
-0.0031061
-0.00321771
-0.00332776
-0.00343513
-0.00353993
-0.00364118
-0.00373859
-0.00383127
-0.00391945
-0.00400382
-0.00408509
-0.00416327
-0.00423847
-0.00430976
-0.00437801
-0.00444441
-0.00450964
-0.00457439
-0.00463895
-0.00470388
-0.00476948
-0.00483701
-0.00490581
-0.00497668
-0.00504668
-0.00511469
-0.00518002
-0.00524194
-0.00530034
-0.00535569
-0.00541186
-0.00546883
-0.00552813
-0.00558885
-0.00565238
-0.00571504
-0.00577477
-0.00583184
-0.00588271
-0.00593322
-0.00598437
-0.00603881
-0.00609494
-0.00615164
-0.00620853
-0.0062605
-0.0063121
-0.00636034
-0.00640942
-0.00646078
-0.00651239
-0.00656545
-0.00661336
-0.00666157
-0.00670859
-0.00675691
-0.00680737
-0.00685527
-0.00690246
-0.00694488
-0.00698857
-0.00703307
-0.00707777
-0.00712217
-0.00716171
-0.00720148
-0.00723838
-0.00727253
-0.00730373
-0.00733212
-0.00735576
-0.00398229
-0.00329153
-0.00243104
-0.00162405
-0.000977615
-0.000529297
-0.000285008
-0.000224897
-0.000309425
-0.000491208
-0.000725816
-0.000977786
-0.00122244
-0.00144474
-0.0016373
-0.00179802
-0.00192882
-0.00203452
-0.00212161
-0.0021967
-0.00226592
-0.00233412
-0.00240523
-0.00248169
-0.00256493
-0.00265498
-0.00275117
-0.00285231
-0.00295727
-0.00306484
-0.00317314
-0.00328069
-0.00338606
-0.00348929
-0.00358979
-0.00368723
-0.003781
-0.0038709
-0.00395722
-0.00404039
-0.00412047
-0.00419769
-0.00427156
-0.00434235
-0.00441081
-0.00447781
-0.00454419
-0.00461056
-0.00467759
-0.0047454
-0.00481494
-0.00488525
-0.00495698
-0.00502796
-0.0050963
-0.00516132
-0.00522293
-0.00528183
-0.0053382
-0.00539503
-0.00545393
-0.00551552
-0.0055779
-0.00564189
-0.00570469
-0.00576365
-0.00582017
-0.0058718
-0.00592243
-0.00597485
-0.00603051
-0.00608769
-0.0061446
-0.00620137
-0.00625295
-0.00630397
-0.0063532
-0.00640302
-0.00645517
-0.00650706
-0.00656031
-0.00660817
-0.00665621
-0.00670309
-0.00675122
-0.00680224
-0.0068503
-0.00689819
-0.00694104
-0.0069846
-0.00702899
-0.00707305
-0.00711751
-0.00715747
-0.00719779
-0.00723513
-0.00726881
-0.00729954
-0.00732787
-0.00735215
-0.00407452
-0.00338164
-0.00251876
-0.00170921
-0.00106002
-0.000608595
-0.000360909
-0.000297243
-0.000378243
-0.000556473
-0.000787389
-0.00103533
-0.00127565
-0.00149335
-0.00168125
-0.00183722
-0.0019632
-0.00206379
-0.00214544
-0.00221485
-0.00227836
-0.00234104
-0.00240666
-0.00247763
-0.00255523
-0.00263987
-0.002731
-0.00282778
-0.00292867
-0.00303241
-0.00313715
-0.00324185
-0.00334531
-0.00344711
-0.00354669
-0.00364359
-0.00373754
-0.00382822
-0.00391556
-0.00399977
-0.00408099
-0.00415946
-0.00423493
-0.00430736
-0.00437724
-0.00444561
-0.00451355
-0.00458177
-0.00465088
-0.00472087
-0.00479239
-0.00486445
-0.00493669
-0.00500787
-0.0050762
-0.00514098
-0.00520244
-0.00526145
-0.00531922
-0.00537732
-0.00543794
-0.00550137
-0.00556536
-0.00562959
-0.00569215
-0.00575078
-0.00580651
-0.00585926
-0.00591056
-0.00596403
-0.00602072
-0.00607863
-0.00613551
-0.00619199
-0.00624399
-0.0062946
-0.00634457
-0.00639521
-0.00644803
-0.00650007
-0.00655349
-0.0066017
-0.00664962
-0.00669661
-0.00674427
-0.00679556
-0.00684398
-0.00689262
-0.00693629
-0.00697963
-0.00702396
-0.00706726
-0.0071114
-0.00715208
-0.00719315
-0.00723116
-0.00726457
-0.00729444
-0.0073221
-0.00734581
-0.0041552
-0.00346107
-0.0025966
-0.00178522
-0.00113397
-0.00068015
-0.00042976
-0.000363207
-0.000441359
-0.000616788
-0.000844854
-0.00108968
-0.00132657
-0.00154061
-0.00172479
-0.00187708
-0.00199928
-0.00209588
-0.00217317
-0.00223802
-0.00229687
-0.00235503
-0.0024161
-0.00248255
-0.00255555
-0.00263584
-0.0027229
-0.00281584
-0.00291296
-0.00301311
-0.00311494
-0.00321743
-0.00331929
-0.00341965
-0.00351808
-0.00361427
-0.0037081
-0.00379916
-0.00388716
-0.00397188
-0.00405356
-0.00413235
-0.00420848
-0.00428179
-0.00435276
-0.0044224
-0.00449184
-0.00456186
-0.00463275
-0.00470473
-0.00477775
-0.00485118
-0.00492361
-0.00499447
-0.00506244
-0.00512679
-0.00518831
-0.00524736
-0.00530638
-0.00536609
-0.00542802
-0.00549246
-0.00555773
-0.00562198
-0.00568385
-0.00574219
-0.00579728
-0.00585093
-0.00590315
-0.00595744
-0.00601442
-0.00607298
-0.00612993
-0.00618574
-0.00623841
-0.00628855
-0.00633882
-0.0063899
-0.00644334
-0.00649559
-0.00654872
-0.00659778
-0.00664542
-0.00669254
-0.00673969
-0.00679063
-0.00683951
-0.00688841
-0.0069333
-0.0069767
-0.00702068
-0.00706339
-0.0071067
-0.00714793
-0.00718982
-0.00722843
-0.00726185
-0.00729072
-0.00731763
-0.0073418
-0.00421736
-0.00352131
-0.00265486
-0.00184158
-0.00118844
-0.000732592
-0.000479963
-0.000411025
-0.000486781
-0.000659893
-0.000885618
-0.00112794
-0.00136201
-0.00157305
-0.00175412
-0.00190334
-0.0020224
-0.0021157
-0.00218938
-0.00225046
-0.00230549
-0.00235993
-0.00241735
-0.00248011
-0.00254936
-0.00262591
-0.00270946
-0.00279922
-0.00289352
-0.00299108
-0.00309062
-0.00319118
-0.00329168
-0.00339109
-0.00348885
-0.00358444
-0.00367797
-0.00376893
-0.00385716
-0.0039419
-0.00402355
-0.0041023
-0.00417869
-0.00425278
-0.00432465
-0.00439567
-0.00446647
-0.0045384
-0.00461095
-0.00468478
-0.00475923
-0.00483398
-0.00490715
-0.00497777
-0.00504575
-0.00510989
-0.005172
-0.00523132
-0.00529137
-0.0053525
-0.00541584
-0.0054809
-0.00554712
-0.00561196
-0.00567324
-0.00573192
-0.00578663
-0.00584119
-0.00589416
-0.00594945
-0.00600681
-0.00606561
-0.00612341
-0.00617817
-0.00623162
-0.00628171
-0.00633209
-0.00638373
-0.0064374
-0.00649053
-0.00654295
-0.00659306
-0.00664081
-0.00668777
-0.00673525
-0.00678525
-0.00683475
-0.0068838
-0.00692952
-0.00697355
-0.007017
-0.00705965
-0.00710217
-0.00714339
-0.00718618
-0.00722515
-0.00725879
-0.00728714
-0.00731305
-0.00733743
-0.00428974
-0.00359339
-0.0027264
-0.00191238
-0.00125831
-0.000801317
-0.000547281
-0.000476758
-0.000550842
-0.000722297
-0.000946334
-0.00118686
-0.00141892
-0.00162774
-0.00180645
-0.00195326
-0.00206982
-0.00216046
-0.00223128
-0.00228932
-0.00234121
-0.0023925
-0.00244672
-0.00250619
-0.00257208
-0.00264529
-0.00272571
-0.00281256
-0.00290414
-0.00299904
-0.00309612
-0.00319456
-0.00329345
-0.0033915
-0.00348794
-0.00358205
-0.00367414
-0.00376374
-0.00385069
-0.00393421
-0.00401453
-0.00409217
-0.0041675
-0.00424103
-0.00431245
-0.00438347
-0.00445441
-0.00452685
-0.00460001
-0.00467443
-0.00474959
-0.00482467
-0.00489829
-0.00496863
-0.00503659
-0.00510052
-0.00516276
-0.00522231
-0.00528268
-0.00534445
-0.00540834
-0.00547381
-0.00554005
-0.00560542
-0.00566622
-0.00572492
-0.00577937
-0.00583403
-0.00588757
-0.00594311
-0.006001
-0.0060594
-0.00611793
-0.00617222
-0.00622569
-0.00627615
-0.00632609
-0.00637818
-0.00643165
-0.00648554
-0.0065377
-0.00658805
-0.00663648
-0.00668299
-0.00673088
-0.00678029
-0.00682988
-0.00687915
-0.00692511
-0.00697004
-0.0070132
-0.00705582
-0.00709792
-0.00713876
-0.00718214
-0.00722148
-0.00725533
-0.00728335
-0.00730797
-0.00733119
)
;

boundaryField
{
    zeroGradientPlanes
    {
        type            zeroGradient;
    }
    inlet
    {
        type            zeroGradient;
    }
    plate
    {
        type            zeroGradient;
    }
    frontAndBack
    {
        type            empty;
    }
}


// ************************************************************************* //
