/*--------------------------------*- C++ -*----------------------------------*\
| =========                 |                                                 |
| \\      /  F ield         | OpenFOAM: The Open Source CFD Toolbox           |
|  \\    /   O peration     | Version:  v2106                                 |
|   \\  /    A nd           | Website:  www.openfoam.com                      |
|    \\/     M anipulation  |                                                 |
\*---------------------------------------------------------------------------*/
FoamFile
{
    version     2.0;
    format      ascii;
    arch        "LSB;label=32;scalar=64";
    class       volScalarField;
    location    "1.9";
    object      p;
}
// * * * * * * * * * * * * * * * * * * * * * * * * * * * * * * * * * * * * * //

dimensions      [0 2 -2 0 0 0 0];

internalField   nonuniform List<scalar> 
4800
(
-3.00017e-09
-3.03917e-05
-0.000114417
-0.000195761
-0.000272564
-0.0003673
-0.000434371
-0.000454688
-0.000460659
-0.000475968
-0.000457627
-0.000382686
-0.000265886
-0.000102449
0.000135408
0.000422886
0.000833528
0.00136876
0.00197183
0.00264891
7.90774e-06
-3.37902e-05
-0.000112401
-0.000197834
-0.000268392
-0.000369492
-0.000424746
-0.000456439
-0.000455353
-0.000479589
-0.000448935
-0.000386036
-0.000261498
-0.00010734
0.000140694
0.000415768
0.000827479
0.00131265
0.00178153
0.00228415
1.04379e-05
-3.60722e-05
-0.000111244
-0.000198458
-0.000267315
-0.00036941
-0.000421533
-0.000456053
-0.000454321
-0.000479685
-0.000446683
-0.000384726
-0.000260216
-0.000109347
0.000135844
0.000398698
0.000774271
0.00118934
0.00160236
0.00204417
1.8133e-05
-3.91187e-05
-0.000109951
-0.000199198
-0.000265362
-0.000368224
-0.000418736
-0.000453129
-0.000455644
-0.000475785
-0.000446369
-0.00037988
-0.0002589
-0.000107
0.000119301
0.000379732
0.000704455
0.00107171
0.0014284
0.00177063
2.29827e-05
-4.14264e-05
-0.00010928
-0.00019904
-0.000264735
-0.000365391
-0.000417851
-0.000449243
-0.000456718
-0.000472728
-0.000442107
-0.000375721
-0.000260162
-0.000111076
0.000105356
0.000342781
0.000624081
0.000924896
0.00117764
0.00148744
2.9584e-05
-4.23117e-05
-0.000109817
-0.000197487
-0.000266471
-0.000359668
-0.000417135
-0.000445158
-0.000455514
-0.00046857
-0.000439782
-0.000372298
-0.000262986
-0.000115696
7.93117e-05
0.000284562
0.000500842
0.000706797
0.000944415
0.00125117
3.55373e-05
-4.16757e-05
-0.000111502
-0.000195076
-0.000267043
-0.000355977
-0.000413093
-0.000441209
-0.000453873
-0.000466191
-0.000437902
-0.000369769
-0.000264775
-0.000126375
3.79303e-05
0.00017598
0.000313345
0.000516541
0.000756859
0.00105142
4.10155e-05
-3.81889e-05
-0.000114571
-0.000193307
-0.000265319
-0.000351541
-0.000407827
-0.00043734
-0.000452466
-0.000464491
-0.000435667
-0.000368732
-0.000271806
-0.000158291
-6.20974e-05
2.3731e-05
0.000165371
0.000368524
0.000590992
0.000855296
4.57235e-05
-3.21927e-05
-0.000114893
-0.000194947
-0.000264084
-0.000345507
-0.000401248
-0.000434004
-0.000451819
-0.000462955
-0.000435007
-0.00037541
-0.000300094
-0.000243483
-0.000181955
-8.3054e-05
5.47851e-05
0.000227157
0.000416865
0.000652334
5.11015e-05
-2.55747e-05
-0.000112696
-0.000195094
-0.000264296
-0.000338862
-0.000393822
-0.000431155
-0.000452163
-0.000462795
-0.000438982
-0.000397358
-0.00038479
-0.000350783
-0.000264708
-0.000160766
-5.42928e-05
7.57526e-05
0.000231452
0.000442509
5.4725e-05
-1.73907e-05
-0.000107401
-0.000191749
-0.000264035
-0.000333071
-0.00038815
-0.000429399
-0.00045482
-0.00046729
-0.000462622
-0.000480883
-0.000463536
-0.000409596
-0.000325914
-0.000246563
-0.000175646
-8.65016e-05
3.70812e-05
0.00022821
5.89348e-05
-9.30752e-06
-9.83228e-05
-0.000186061
-0.000258543
-0.000329736
-0.000387092
-0.000432152
-0.000463209
-0.000495054
-0.000541868
-0.000540573
-0.000502722
-0.000453847
-0.000398541
-0.000349663
-0.000311179
-0.000256838
-0.000161845
1.16052e-05
6.08758e-05
2.25535e-06
-8.70418e-05
-0.000174517
-0.000249056
-0.000327381
-0.000394717
-0.000446857
-0.000492328
-0.000558597
-0.000585855
-0.000569182
-0.000538162
-0.000510531
-0.000486295
-0.000468036
-0.000457044
-0.0004317
-0.000362451
-0.000204551
6.35306e-05
1.10092e-05
-6.92454e-05
-0.000156526
-0.000235251
-0.000325639
-0.000411842
-0.000498617
-0.000561973
-0.000589095
-0.000599427
-0.000596419
-0.000586627
-0.000581757
-0.00058406
-0.000593953
-0.000609345
-0.000610217
-0.000562887
-0.000418241
7.16326e-05
1.80818e-05
-5.01375e-05
-0.000137424
-0.000221597
-0.000332454
-0.000461577
-0.000549147
-0.000590524
-0.000614159
-0.000627472
-0.000638309
-0.000649034
-0.000663754
-0.000688366
-0.000724559
-0.000766278
-0.000791448
-0.000763236
-0.000630058
8.25044e-05
3.0643e-05
-3.33887e-05
-0.00012271
-0.000222471
-0.000353909
-0.000497117
-0.000581966
-0.000625144
-0.000653193
-0.00067076
-0.000690805
-0.000717952
-0.000752334
-0.000798617
-0.000859447
-0.000926804
-0.000974752
-0.000963828
-0.000840525
9.77922e-05
4.97339e-05
-1.98588e-05
-0.000115521
-0.000233451
-0.000388929
-0.00053065
-0.000613217
-0.000658983
-0.000694068
-0.000719888
-0.000749323
-0.000791685
-0.000846566
-0.000914824
-0.000998747
-0.00108948
-0.00115884
-0.00116432
-0.00104996
0.000118886
7.21461e-05
-9.19764e-06
-0.000121948
-0.000258598
-0.00041939
-0.000558932
-0.000641812
-0.000693275
-0.000738133
-0.00077495
-0.000814688
-0.000871718
-0.000947224
-0.00103805
-0.00114391
-0.00125561
-0.00134459
-0.00136579
-0.00125994
0.000144883
9.80096e-05
-1.5085e-06
-0.000142852
-0.000295011
-0.000446575
-0.000580939
-0.000671386
-0.000730522
-0.000785331
-0.00083529
-0.000887984
-0.00096012
-0.00105562
-0.00116838
-0.00129485
-0.00142526
-0.0015316
-0.00156723
-0.00146957
0.000172101
0.000122182
2.38756e-06
-0.000162914
-0.000328172
-0.000478034
-0.00061086
-0.000705244
-0.000771038
-0.000836179
-0.000901324
-0.00096944
-0.00105667
-0.00117054
-0.00130414
-0.00145025
-0.00159766
-0.001719
-0.00176717
-0.00167712
0.000199356
0.0001441
3.36584e-06
-0.000180554
-0.000359476
-0.000515107
-0.00064813
-0.000744919
-0.000816489
-0.000891582
-0.00097233
-0.00105753
-0.00116039
-0.00129125
-0.00144448
-0.00160961
-0.00177267
-0.00190669
-0.00196514
-0.0018817
0.000224624
0.000163076
5.31704e-06
-0.000196437
-0.000390567
-0.000554688
-0.000690872
-0.000791442
-0.000868731
-0.000952535
-0.00104812
-0.00115143
-0.00127097
-0.00141794
-0.00158904
-0.00177199
-0.00194945
-0.0020942
-0.00216087
-0.00208288
0.000247034
0.000179551
8.07725e-06
-0.000211228
-0.000421664
-0.000596991
-0.000739289
-0.000845325
-0.000928448
-0.00101999
-0.00112912
-0.00125069
-0.00138771
-0.00155023
-0.00173734
-0.00193617
-0.00212694
-0.00228128
-0.00235468
-0.00228093
0.000267133
0.000193694
9.51016e-06
-0.000226081
-0.000453055
-0.000641437
-0.000792241
-0.000905639
-0.000995717
-0.0010946
-0.00121596
-0.00135483
-0.00150951
-0.00168726
-0.00188881
-0.00210146
-0.00230427
-0.00246748
-0.00254654
-0.00247578
0.00028464
0.000204764
9.0232e-06
-0.000241486
-0.000484543
-0.000687637
-0.00084918
-0.000971939
-0.00107056
-0.00117704
-0.00130911
-0.00146361
-0.00163549
-0.00182827
-0.00204269
-0.00226725
-0.00248046
-0.00265158
-0.00273557
-0.0026669
0.000299238
0.00021317
6.12249e-06
-0.00025859
-0.000517267
-0.000735697
-0.000909674
-0.00104337
-0.00115212
-0.00126691
-0.00140852
-0.00157677
-0.00176482
-0.00197214
-0.00219817
-0.00243287
-0.00265483
-0.00283259
-0.00292086
-0.00285388
0.000310752
0.000218383
4.20476e-07
-0.000278179
-0.000551936
-0.000785644
-0.000972941
-0.00111895
-0.00123931
-0.00136346
-0.00151405
-0.00169413
-0.00189679
-0.00211769
-0.00235433
-0.00259756
-0.00282683
-0.00300999
-0.00310171
-0.00303622
0.000318811
0.000220311
-8.33546e-06
-0.000300729
-0.000589089
-0.000837911
-0.00103881
-0.00119788
-0.00133107
-0.00146562
-0.00162508
-0.00181523
-0.00203033
-0.00226356
-0.00251012
-0.00276064
-0.00299584
-0.0031835
-0.00327786
-0.00321343
0.00032301
0.000218485
-2.0206e-05
-0.000325791
-0.000628952
-0.000892942
-0.00110738
-0.00127946
-0.00142615
-0.00157207
-0.00174049
-0.00193936
-0.0021648
-0.00240882
-0.0026646
-0.00292164
-0.00316145
-0.00335263
-0.00344886
-0.00338479
0.000323364
0.000213033
-3.55058e-05
-0.000353833
-0.000671539
-0.000950602
-0.00117858
-0.00136336
-0.00152347
-0.00168133
-0.00185902
-0.00206571
-0.00229962
-0.00255265
-0.00281653
-0.00307949
-0.00332286
-0.00351641
-0.00361384
-0.00354956
0.000319531
0.000203432
-5.44465e-05
-0.000384839
-0.000716708
-0.00101057
-0.0012521
-0.00144917
-0.00162203
-0.00179182
-0.00197907
-0.00219315
-0.00243389
-0.0026941
-0.0029646
-0.00323273
-0.00347913
-0.00367414
-0.00377218
-0.00370741
0.000311691
0.000189991
-7.70367e-05
-0.000418826
-0.000764238
-0.00107247
-0.00132738
-0.00153633
-0.00172093
-0.00190211
-0.00209888
-0.00232005
-0.00256647
-0.00283223
-0.0031079
-0.00338026
-0.00362933
-0.00382534
-0.00392341
-0.00385785
0.000299755
0.000172771
-0.000102943
-0.000455589
-0.000813824
-0.00113553
-0.00140355
-0.00162411
-0.00181953
-0.00201113
-0.00221662
-0.00244441
-0.00269583
-0.00296589
-0.00324551
-0.00352108
-0.0037723
-0.00396911
-0.00406683
-0.0040002
0.000284001
0.000151909
-0.000131679
-0.000494367
-0.000864934
-0.00119906
-0.00147936
-0.00171128
-0.00191664
-0.00211736
-0.00233058
-0.00256435
-0.00282035
-0.00309403
-0.00337659
-0.00365444
-0.0039071
-0.00410446
-0.00420168
-0.00413383
0.000264989
0.000128118
-0.00016275
-0.000534462
-0.000916575
-0.00126217
-0.00155364
-0.00179611
-0.00201068
-0.00221936
-0.00243932
-0.0026785
-0.00293853
-0.00321537
-0.00350011
-0.00377947
-0.0040329
-0.00423042
-0.00432711
-0.00425801
0.000243433
0.000102396
-0.000195058
-0.000574985
-0.000967623
-0.00132339
-0.00162492
-0.00187703
-0.00210004
-0.00231588
-0.00254146
-0.00278537
-0.00304884
-0.00332833
-0.00361479
-0.00389506
-0.00414881
-0.00434614
-0.00444223
-0.00437196
0.000220612
7.55148e-05
-0.000227474
-0.00061406
-0.00101633
-0.00138108
-0.00169118
-0.00195211
-0.00218275
-0.00240515
-0.00263534
-0.00288308
-0.00314957
-0.00343128
-0.00371921
-0.00400006
-0.00425385
-0.00445084
-0.0045464
-0.00447519
0.000197634
4.91005e-05
-0.00025842
-0.000649699
-0.00106037
-0.00143367
-0.00175037
-0.00201862
-0.00225597
-0.00248405
-0.00271807
-0.00296856
-0.00323748
-0.00352111
-0.00381032
-0.00409152
-0.00434507
-0.00454152
-0.00463655
-0.00456482
0.000176876
2.59527e-05
-0.00028595
-0.000680626
-0.00109723
-0.00147824
-0.00179945
-0.00207238
-0.00231519
-0.00254793
-0.00278499
-0.00303711
-0.00330759
-0.00359269
-0.00388302
-0.0041645
-0.0044177
-0.00461345
-0.0047077
-0.00463504
0.000158707
5.00237e-06
-0.000311826
-0.000711056
-0.00113245
-0.00152118
-0.00184829
-0.00212534
-0.00237311
-0.00261093
-0.00285197
-0.00310643
-0.00337879
-0.00366577
-0.00395788
-0.00424059
-0.00449443
-0.00469051
-0.00478508
-0.00471276
0.00342002
0.00355564
0.00336016
0.0031965
0.0031003
0.00299568
0.00281585
0.0025491
0.0022269
0.00188494
0.00153776
0.00118637
0.000832321
0.000477982
0.000120749
-0.000246755
-0.000631157
-0.00104178
-0.00149468
-0.00200259
-0.00257067
-0.00320498
-0.00390629
-0.004663
-0.00544116
-0.00617615
-0.00677597
-0.00715599
-0.00727867
-0.0071667
-0.00689705
-0.00656028
-0.0062215
-0.00591677
-0.00566711
-0.00548252
-0.00536203
-0.00529332
-0.00526358
-0.00526503
-0.00529439
-0.00534225
-0.00540129
-0.0054675
-0.00553998
-0.0056128
-0.005684
-0.00575672
-0.00583139
-0.00590691
-0.00598176
-0.00605735
-0.00613167
-0.00620717
-0.00628211
-0.00635642
-0.0064308
-0.00650649
-0.00658201
-0.00665588
-0.00673125
-0.00680657
-0.00688277
-0.00695765
-0.0070336
-0.00710934
-0.00718529
-0.00726192
-0.00734013
-0.00742003
-0.0074994
-0.00757965
-0.00766052
-0.00774091
-0.00782148
-0.00790312
-0.00798642
-0.00807071
-0.0081555
-0.00824186
-0.00832873
-0.00841521
-0.00850162
-0.00858751
-0.00867594
-0.00876504
-0.00885551
-0.00894664
-0.00903643
-0.00912579
-0.00921354
-0.00930569
-0.00939557
-0.0094859
-0.00957213
-0.00965801
-0.00974034
-0.0098192
-0.00988405
-0.00994539
0.00280357
0.0031624
0.00324955
0.00318439
0.00308642
0.00296379
0.00277844
0.00251559
0.00219849
0.00185952
0.00151351
0.00116258
0.00080888
0.000455035
9.85963e-05
-0.000267922
-0.000651048
-0.00105976
-0.00151005
-0.00201489
-0.00257902
-0.00320782
-0.0039015
-0.00464688
-0.00541194
-0.00613561
-0.00673053
-0.00711519
-0.00724702
-0.00714386
-0.00688059
-0.00654785
-0.00621105
-0.00590816
-0.00565998
-0.00547644
-0.00535667
-0.00528846
-0.00525907
-0.00526079
-0.00529043
-0.0053385
-0.00539772
-0.00546411
-0.00553681
-0.00560983
-0.00568121
-0.00575411
-0.00582895
-0.00590465
-0.00597964
-0.00605539
-0.00612983
-0.00620547
-0.00628053
-0.00635494
-0.00642941
-0.00650519
-0.0065808
-0.00665472
-0.00673016
-0.00680554
-0.0068818
-0.00695673
-0.00703272
-0.0071085
-0.00718448
-0.00726115
-0.00733939
-0.00741932
-0.0074987
-0.00757899
-0.00765988
-0.00774029
-0.00782087
-0.00790254
-0.00798586
-0.00807017
-0.00815497
-0.00824134
-0.00832824
-0.00841473
-0.00850116
-0.00858707
-0.00867551
-0.00876463
-0.00885511
-0.00894626
-0.00903606
-0.00912544
-0.00921319
-0.00930536
-0.00939524
-0.0094856
-0.00957183
-0.00965773
-0.00974007
-0.00981896
-0.0098838
-0.00994515
0.00247375
0.00291232
0.00317858
0.00322035
0.00312852
0.00297402
0.00276374
0.00249207
0.00217424
0.00183553
0.00148866
0.00113607
0.000780833
0.000425939
6.90868e-05
-0.000297107
-0.000679168
-0.00108598
-0.00153307
-0.00203345
-0.00259155
-0.00321089
-0.00389044
-0.00461439
-0.00535098
-0.00604579
-0.00662135
-0.00700238
-0.00714884
-0.0070726
-0.00683544
-0.00652094
-0.00619514
-0.00589874
-0.00565606
-0.00547661
-0.0053589
-0.00529125
-0.00526176
-0.00526309
-0.00529215
-0.00533962
-0.00539828
-0.00546416
-0.00553641
-0.0056091
-0.00568026
-0.005753
-0.00582769
-0.00590326
-0.00597816
-0.00605386
-0.00612826
-0.0062039
-0.00627897
-0.00635341
-0.00642791
-0.00650373
-0.00657938
-0.00665336
-0.00672886
-0.00680428
-0.0068806
-0.00695557
-0.00703163
-0.00710748
-0.00718353
-0.00726027
-0.00733856
-0.00741855
-0.00749798
-0.00757829
-0.00765921
-0.00773965
-0.00782027
-0.00790198
-0.00798534
-0.00806969
-0.00815451
-0.0082409
-0.00832779
-0.0084143
-0.00850075
-0.00858669
-0.00867516
-0.0087643
-0.00885478
-0.00894594
-0.00903574
-0.00912515
-0.0092129
-0.0093051
-0.00939499
-0.00948536
-0.0095716
-0.00965753
-0.00973988
-0.00981881
-0.00988383
-0.00994517
0.00217749
0.00266642
0.00304228
0.0031816
0.0031271
0.00296426
0.00273395
0.0024507
0.00213077
0.00179394
0.00144899
0.00109702
0.000741587
0.000386355
2.94722e-05
-0.000336067
-0.000716727
-0.00112086
-0.00156348
-0.00205758
-0.00260724
-0.00321333
-0.00387322
-0.0045715
-0.00527563
-0.00593767
-0.00649067
-0.00686733
-0.00702992
-0.00698412
-0.00677819
-0.00648679
-0.00617532
-0.00588756
-0.00565061
-0.00547479
-0.00535872
-0.00529148
-0.00526192
-0.00526293
-0.00529144
-0.00533829
-0.00539644
-0.00546183
-0.00553362
-0.00560603
-0.00567714
-0.00574991
-0.00582457
-0.00590012
-0.00597504
-0.00605077
-0.00612524
-0.00620097
-0.00627615
-0.00635075
-0.00642538
-0.00650132
-0.0065771
-0.00665122
-0.00672685
-0.00680237
-0.00687878
-0.00695384
-0.00702999
-0.00710594
-0.0071821
-0.00725896
-0.00733736
-0.00741743
-0.00749692
-0.00757728
-0.00765823
-0.00773869
-0.00781934
-0.00790111
-0.00798454
-0.00806898
-0.00815384
-0.00824024
-0.00832711
-0.00841361
-0.00850008
-0.00858608
-0.00867461
-0.00876379
-0.00885425
-0.0089454
-0.0090352
-0.00912466
-0.00921245
-0.00930468
-0.00939455
-0.00948495
-0.00957122
-0.00965718
-0.00973961
-0.00981854
-0.009884
-0.00994531
0.00191365
0.00243951
0.0028902
0.00311108
0.00310952
0.00295783
0.00271739
0.00242139
0.00209379
0.00175427
0.00140947
0.00105816
0.000702531
0.000346683
-1.0269e-05
-0.000374981
-0.000753989
-0.00115497
-0.00159244
-0.00207922
-0.00261891
-0.00320984
-0.00384732
-0.00451693
-0.0051883
-0.00581856
-0.00634986
-0.00672239
-0.0069001
-0.00688397
-0.00671119
-0.00644631
-0.00615213
-0.00587465
-0.00564359
-0.00547108
-0.00535666
-0.00529021
-0.00526105
-0.0052621
-0.00529027
-0.00533665
-0.00539434
-0.00545927
-0.00553055
-0.00560266
-0.00567373
-0.0057465
-0.00582108
-0.00589657
-0.00597146
-0.00604715
-0.00612165
-0.00619742
-0.00627269
-0.00634742
-0.00642219
-0.00649822
-0.00657412
-0.00664841
-0.00672419
-0.00679981
-0.0068763
-0.00695146
-0.00702772
-0.00710379
-0.00718011
-0.00725715
-0.00733568
-0.00741587
-0.00749545
-0.00757587
-0.00765683
-0.00773732
-0.00781802
-0.00789988
-0.00798341
-0.00806797
-0.00815292
-0.00823932
-0.00832613
-0.00841261
-0.00849911
-0.00858523
-0.00867385
-0.00876309
-0.00885352
-0.00894463
-0.00903441
-0.00912396
-0.0092118
-0.00930407
-0.00939393
-0.00948434
-0.00957067
-0.00965666
-0.00973924
-0.00981815
-0.00988433
-0.00994561
0.00168757
0.00223446
0.0027315
0.00301874
0.00307418
0.00294996
0.00271089
0.00240315
0.00206283
0.00171525
0.00136767
0.00101651
0.000661011
0.000304563
-5.23238e-05
-0.000415588
-0.000792322
-0.00118965
-0.00162115
-0.00209949
-0.0026277
-0.00320221
-0.00381627
-0.00445676
-0.00509658
-0.0056969
-0.00620734
-0.0065752
-0.00676635
-0.00677808
-0.00663825
-0.00640156
-0.00612695
-0.00586115
-0.00563633
-0.00546704
-0.00535414
-0.00528845
-0.00525983
-0.00526108
-0.005289
-0.00533497
-0.00539224
-0.00545664
-0.00552738
-0.00559913
-0.00567011
-0.00574281
-0.00581726
-0.00589266
-0.00596747
-0.00604311
-0.0061176
-0.0061934
-0.00626874
-0.00634362
-0.0064185
-0.00649463
-0.00657066
-0.00664512
-0.00672105
-0.00679679
-0.00687337
-0.00694864
-0.007025
-0.00710121
-0.00717771
-0.00725496
-0.00733363
-0.00741396
-0.00749364
-0.00757412
-0.00765508
-0.00773561
-0.00781635
-0.00789832
-0.00798197
-0.00806671
-0.00815174
-0.00823816
-0.00832488
-0.00841132
-0.00849785
-0.00858412
-0.00867286
-0.0087622
-0.00885258
-0.00894362
-0.00903336
-0.00912302
-0.00921095
-0.00930326
-0.0093931
-0.0094835
-0.00956993
-0.00965594
-0.00973876
-0.00981761
-0.00988472
-0.009946
0.00147621
0.00203104
0.0025636
0.00290544
0.00301699
0.00292993
0.00270292
0.00238908
0.00203565
0.0016767
0.001323
0.000970544
0.000615362
0.000258604
-9.82328e-05
-0.000459371
-0.000832817
-0.00122582
-0.00165048
-0.00211909
-0.0026345
-0.00319172
-0.00378208
-0.00439352
-0.00500269
-0.00557464
-0.00606489
-0.00642707
-0.00662924
-0.00666632
-0.00655864
-0.00635148
-0.0060987
-0.0058463
-0.00562852
-0.00546259
-0.0053511
-0.00528605
-0.00525797
-0.00525952
-0.00528727
-0.00533288
-0.00538976
-0.00545366
-0.00552382
-0.00559522
-0.00566608
-0.00573871
-0.00581301
-0.00588831
-0.00596304
-0.00603862
-0.0061131
-0.00618893
-0.00626436
-0.0063394
-0.00641441
-0.00649064
-0.00656684
-0.0066415
-0.00671759
-0.00679345
-0.00687012
-0.00694552
-0.00702199
-0.00709836
-0.00717505
-0.00725252
-0.00733136
-0.00741184
-0.00749163
-0.00757217
-0.00765311
-0.00773367
-0.00781446
-0.00789654
-0.00798034
-0.00806528
-0.0081504
-0.00823683
-0.00832343
-0.00840982
-0.00849638
-0.00858283
-0.00867171
-0.00876116
-0.00885146
-0.00894241
-0.00903209
-0.00912189
-0.00920994
-0.00930228
-0.00939209
-0.00948247
-0.00956904
-0.00965505
-0.00973818
-0.00981697
-0.0098851
-0.00994643
0.00126116
0.00182108
0.00238522
0.00277533
0.00293959
0.00289517
0.00268883
0.0023761
0.0020119
0.0016398
0.00127675
0.000920475
0.000565181
0.000208854
-0.000147672
-0.000506426
-0.000875511
-0.00126315
-0.00167994
-0.00213745
-0.00263883
-0.00317801
-0.00374469
-0.00432757
-0.00490688
-0.00545146
-0.00592175
-0.0062771
-0.00648815
-0.00654827
-0.00647169
-0.00629512
-0.00606615
-0.00582916
-0.00561975
-0.00545764
-0.00534748
-0.00528284
-0.00525515
-0.00525703
-0.00528469
-0.00533002
-0.00538663
-0.00545013
-0.00551977
-0.00559083
-0.0056616
-0.00573418
-0.00580832
-0.0058835
-0.00595817
-0.00603369
-0.00610817
-0.00618406
-0.00625958
-0.00633481
-0.00640998
-0.00648633
-0.0065627
-0.0066376
-0.00671385
-0.00678985
-0.00686662
-0.00694216
-0.00701874
-0.00709528
-0.00717216
-0.00724989
-0.00732889
-0.00740954
-0.00748944
-0.00757005
-0.00765096
-0.00773155
-0.00781238
-0.00789461
-0.00797856
-0.00806372
-0.00814894
-0.00823537
-0.00832183
-0.00840817
-0.00849476
-0.00858142
-0.00867045
-0.00876001
-0.00885023
-0.00894107
-0.00903068
-0.00912063
-0.00920882
-0.00930117
-0.00939097
-0.0094813
-0.00956804
-0.00965405
-0.00973753
-0.0098163
-0.00988544
-0.0099469
0.00104142
0.0016057
0.00219851
0.00263327
0.00284636
0.002845
0.00266564
0.00236068
0.00198984
0.00160494
0.00123056
0.000867737
0.000511025
0.00015592
-0.000199566
-0.0005562
-0.000920319
-0.00130107
-0.00170869
-0.00215401
-0.0026404
-0.00316092
-0.0037041
-0.00425908
-0.00480913
-0.00532706
-0.0057778
-0.00612561
-0.00634382
-0.00642471
-0.00637766
-0.00623199
-0.0060285
-0.00580886
-0.00560941
-0.00545186
-0.00534312
-0.00527877
-0.00525132
-0.0052535
-0.00528118
-0.00532637
-0.00538284
-0.00544607
-0.00551524
-0.00558598
-0.00565671
-0.00572926
-0.00580323
-0.00587829
-0.0059529
-0.00602839
-0.00610289
-0.00617884
-0.00625447
-0.00632991
-0.00640527
-0.00648173
-0.00655828
-0.00663342
-0.00670986
-0.00678599
-0.00686285
-0.00693854
-0.00701525
-0.00709196
-0.00716905
-0.00724705
-0.00732625
-0.00740707
-0.00748709
-0.00756776
-0.00764865
-0.00772926
-0.00781014
-0.00789252
-0.00797665
-0.00806205
-0.00814737
-0.00823378
-0.0083201
-0.00840637
-0.00849301
-0.00857989
-0.00866909
-0.00875876
-0.00884889
-0.0089396
-0.00902916
-0.00911925
-0.00920761
-0.00929995
-0.00938976
-0.00948002
-0.00956698
-0.00965297
-0.00973683
-0.00981562
-0.00988571
-0.0099474
0.000818903
0.00138823
0.00200759
0.00248359
0.0027417
0.00278119
0.00263145
0.00233991
0.0019676
0.00157216
0.00118574
0.000814134
0.000453796
9.98866e-05
-0.000253355
-0.000607966
-0.000967306
-0.00133973
-0.0017366
-0.00216879
-0.00263931
-0.00314055
-0.00366034
-0.00418809
-0.00470964
-0.0052018
-0.0056335
-0.00597317
-0.00619678
-0.00629602
-0.0062764
-0.0061612
-0.0059846
-0.00578451
-0.00559701
-0.00544525
-0.00533838
-0.00527427
-0.00524685
-0.00524909
-0.00527671
-0.00532185
-0.00537828
-0.00544134
-0.00551017
-0.00558066
-0.00565137
-0.00572394
-0.00579779
-0.00587271
-0.00594727
-0.00602275
-0.00609727
-0.00617326
-0.00624901
-0.00632466
-0.00640022
-0.00647683
-0.00655354
-0.00662892
-0.00670558
-0.00678186
-0.00685882
-0.00693465
-0.0070115
-0.0070884
-0.00716572
-0.00724401
-0.00732342
-0.00740443
-0.00748456
-0.0075653
-0.00764615
-0.00772679
-0.00780773
-0.00789028
-0.00797461
-0.00806024
-0.00814567
-0.00823206
-0.00831823
-0.00840444
-0.00849114
-0.00857825
-0.00866763
-0.0087574
-0.00884745
-0.00893802
-0.00902754
-0.00911776
-0.00920633
-0.00929864
-0.00938847
-0.00947863
-0.00956584
-0.00965182
-0.00973607
-0.00981493
-0.00988588
-0.00994793
0.000595531
0.00117091
0.00181451
0.00232807
0.00262773
0.00270547
0.00258564
0.00231154
0.0019429
0.0015404
0.00114263
0.00076091
0.000394686
4.08446e-05
-0.000308982
-0.00066094
-0.00101621
-0.00137977
-0.00176416
-0.00218186
-0.00263562
-0.0031171
-0.00361361
-0.00411483
-0.0046088
-0.00507602
-0.00548899
-0.00581983
-0.00604718
-0.0061626
-0.00616849
-0.00608295
-0.00593426
-0.00575583
-0.00558227
-0.00543771
-0.00533327
-0.00526928
-0.00524162
-0.00524368
-0.00527109
-0.00531626
-0.00537283
-0.00543586
-0.00550451
-0.00557487
-0.00564558
-0.0057182
-0.00579196
-0.00586676
-0.00594123
-0.00601668
-0.00609122
-0.00616728
-0.00624315
-0.00631902
-0.00639477
-0.00647157
-0.00654848
-0.0066241
-0.00670098
-0.00677745
-0.0068545
-0.00693047
-0.00700747
-0.00708458
-0.00716214
-0.00724073
-0.00732037
-0.00740158
-0.00748185
-0.00756265
-0.00764346
-0.00772413
-0.00780514
-0.00788786
-0.00797242
-0.00805831
-0.00814386
-0.00823021
-0.00831623
-0.00840236
-0.00848913
-0.00857647
-0.00866608
-0.00875594
-0.00884592
-0.00893631
-0.0090258
-0.00911615
-0.00920496
-0.00929723
-0.0093871
-0.00947715
-0.00956462
-0.00965061
-0.00973525
-0.00981425
-0.00988595
-0.00994845
0.0003731
0.000955347
0.00162082
0.00216789
0.00250553
0.00261877
0.00252796
0.00227379
0.00191303
0.00150749
0.00110028
0.000708486
0.000334905
-2.07946e-05
-0.000366976
-0.000714831
-0.00106614
-0.00142137
-0.00179208
-0.00219329
-0.00262919
-0.00309076
-0.00356414
-0.00403935
-0.00450678
-0.00494999
-0.00534463
-0.00566631
-0.00589602
-0.00602556
-0.00605509
-0.00599781
-0.0058771
-0.00572191
-0.00556411
-0.00542833
-0.00532732
-0.0052637
-0.00523573
-0.0052375
-0.00526451
-0.00530962
-0.00536644
-0.00542957
-0.00549811
-0.00556844
-0.00563922
-0.00571192
-0.00578566
-0.00586037
-0.00593474
-0.00601014
-0.00608473
-0.00616088
-0.0062369
-0.006313
-0.00638897
-0.00646595
-0.00654309
-0.00661894
-0.00669602
-0.00677269
-0.00684985
-0.00692596
-0.00700312
-0.00708047
-0.00715829
-0.00723721
-0.0073171
-0.00739852
-0.00747893
-0.00755979
-0.00764058
-0.00772127
-0.00780236
-0.00788527
-0.00797006
-0.00805622
-0.00814191
-0.00822821
-0.00831408
-0.00840011
-0.00848699
-0.00857457
-0.00866442
-0.00875437
-0.00884428
-0.00893447
-0.00902395
-0.00911442
-0.00920351
-0.00929572
-0.00938564
-0.00947556
-0.00956333
-0.00964935
-0.00973436
-0.00981354
-0.00988592
-0.00994897
0.000153378
0.000742992
0.00142777
0.00200422
0.00237586
0.0025216
0.0024583
0.00222515
0.00187588
0.00147133
0.00105742
0.00065645
0.000275297
-8.38768e-05
-0.000427411
-0.000769604
-0.00111595
-0.0014638
-0.0018207
-0.00220324
-0.00261954
-0.00306128
-0.00351216
-0.00396198
-0.00440387
-0.0048241
-0.00520098
-0.00551327
-0.00574402
-0.00588557
-0.00593657
-0.00590585
-0.00581253
-0.00568162
-0.00554163
-0.00541656
-0.00532039
-0.00525781
-0.00522946
-0.00523065
-0.00525699
-0.00530175
-0.0053588
-0.00542221
-0.00549077
-0.00556123
-0.00563224
-0.00570508
-0.00577884
-0.00585351
-0.0059278
-0.00600315
-0.00607781
-0.00615408
-0.00623023
-0.00630655
-0.00638271
-0.00645986
-0.00653726
-0.00661339
-0.00669068
-0.00676755
-0.00684486
-0.00692113
-0.00699846
-0.00707604
-0.00715416
-0.00723344
-0.0073136
-0.00739523
-0.00747581
-0.00755672
-0.00763748
-0.00771819
-0.00779938
-0.00788248
-0.00796754
-0.00805398
-0.00813983
-0.00822607
-0.00831178
-0.0083977
-0.00848468
-0.00857252
-0.00866264
-0.00875269
-0.00884253
-0.00893249
-0.00902197
-0.00911257
-0.00920196
-0.00929411
-0.00938407
-0.00947389
-0.00956193
-0.00964803
-0.0097334
-0.00981281
-0.00988578
-0.00994944
-6.28735e-05
0.000533829
0.00123513
0.00183689
0.00223881
0.00241433
0.00237702
0.00216518
0.00183013
0.00143023
0.00101286
0.000604372
0.000216458
-0.000146794
-0.000489402
-0.000825333
-0.00116474
-0.00150546
-0.00184968
-0.0022126
-0.00260744
-0.00302906
-0.00345854
-0.00388375
-0.00430047
-0.00469841
-0.00505814
-0.00536091
-0.0055916
-0.00574313
-0.00581338
-0.00580757
-0.00574071
-0.00563447
-0.00551416
-0.00540175
-0.00531182
-0.00525118
-0.00522258
-0.00522293
-0.00524846
-0.00529276
-0.00534988
-0.0054137
-0.00548245
-0.00555314
-0.00562452
-0.00569761
-0.00577144
-0.00584612
-0.00592041
-0.00599571
-0.00607036
-0.00614671
-0.00622304
-0.00629957
-0.00637598
-0.00645332
-0.00653101
-0.00660748
-0.00668501
-0.00676204
-0.0068395
-0.00691596
-0.00699345
-0.00707128
-0.00714973
-0.0072294
-0.00730986
-0.00739171
-0.00747245
-0.00755341
-0.00763413
-0.00771486
-0.00779617
-0.00787949
-0.00796486
-0.00805158
-0.0081376
-0.00822377
-0.00830931
-0.0083951
-0.00848221
-0.00857033
-0.00866075
-0.00875088
-0.00884066
-0.00893038
-0.00901984
-0.00911058
-0.00920032
-0.0092924
-0.00938239
-0.00947211
-0.00956043
-0.00964667
-0.00973235
-0.00981204
-0.00988553
-0.00994987
-0.000276904
0.000326162
0.00104157
0.00166506
0.00209418
0.00229746
0.00228487
0.00209402
0.00177485
0.00138273
0.000965242
0.000551676
0.000158176
-0.000208673
-0.0005515
-0.00088191
-0.00121273
-0.00154555
-0.00187872
-0.00222294
-0.00259458
-0.00299437
-0.00340311
-0.00380493
-0.00419671
-0.00457289
-0.00491654
-0.00521
-0.00543963
-0.00559915
-0.00568633
-0.00570373
-0.00566224
-0.00558031
-0.00548067
-0.00538287
-0.00530085
-0.00524332
-0.00521511
-0.00521463
-0.0052392
-0.00528289
-0.00533978
-0.00540385
-0.005473
-0.00554406
-0.00561593
-0.00568942
-0.0057634
-0.0058381
-0.00591242
-0.00598769
-0.00606234
-0.00613878
-0.00621537
-0.0062922
-0.00636885
-0.00644639
-0.00652434
-0.00660113
-0.00667892
-0.00675613
-0.00683372
-0.00691039
-0.00698809
-0.00706617
-0.00714496
-0.00722506
-0.00730585
-0.00738793
-0.00746887
-0.00754987
-0.00763056
-0.00771129
-0.00779273
-0.00787629
-0.00796199
-0.00804901
-0.00813522
-0.00822129
-0.00830666
-0.00839231
-0.00847957
-0.00856798
-0.00865873
-0.00874894
-0.00883865
-0.00892812
-0.00901757
-0.00910845
-0.00919855
-0.00929059
-0.00938058
-0.00947024
-0.00955883
-0.00964526
-0.00973121
-0.00981121
-0.00988519
-0.00995022
-0.000489146
0.000119619
0.000847302
0.00148933
0.00194294
0.00217256
0.00218375
0.00201304
0.0017101
0.00132788
0.000913345
0.000497751
0.000100101
-0.000269545
-0.000612663
-0.000938952
-0.00126086
-0.0015841
-0.00190671
-0.00223392
-0.00258159
-0.00295703
-0.00334493
-0.00372548
-0.00409344
-0.00444818
-0.00477662
-0.00506101
-0.00528858
-0.00545436
-0.00555618
-0.00559487
-0.00557752
-0.00551915
-0.00544038
-0.00535889
-0.00528697
-0.00523398
-0.00520697
-0.00520587
-0.00522923
-0.00527212
-0.00532864
-0.00539268
-0.00546223
-0.00553386
-0.00560623
-0.00568025
-0.00575456
-0.00582935
-0.00590377
-0.00597917
-0.0060539
-0.0061304
-0.00620721
-0.00628433
-0.0063612
-0.00643891
-0.00651715
-0.00659427
-0.0066724
-0.00674984
-0.00682753
-0.00690439
-0.00698236
-0.00706072
-0.00713987
-0.00722042
-0.0073016
-0.00738394
-0.00746505
-0.00754606
-0.0076267
-0.00770743
-0.00778903
-0.00787286
-0.00795895
-0.00804629
-0.00813268
-0.00821862
-0.0083038
-0.00838932
-0.00847675
-0.00856548
-0.00865658
-0.00874688
-0.0088365
-0.0089257
-0.00901515
-0.0091062
-0.00919665
-0.00928868
-0.00937865
-0.00946827
-0.0095571
-0.00964378
-0.00972998
-0.0098103
-0.00988474
-0.00995048
-0.000699674
-8.54055e-05
0.000653353
0.00131129
0.00178633
0.00204069
0.0020749
0.00192339
0.00163609
0.00126489
0.000856063
0.000441699
4.18978e-05
-0.000329823
-0.000672515
-0.000995174
-0.00130869
-0.00162074
-0.00193197
-0.00224394
-0.00256882
-0.00291845
-0.00328453
-0.0036459
-0.00399208
-0.00432535
-0.0046385
-0.00491413
-0.00513901
-0.00530952
-0.00542381
-0.00548147
-0.00548679
-0.00545131
-0.00539319
-0.00532893
-0.00526923
-0.00522249
-0.0051975
-0.00519632
-0.00521851
-0.00526037
-0.00531647
-0.00538032
-0.00544993
-0.00552222
-0.00559533
-0.00567002
-0.00574493
-0.00581995
-0.00589449
-0.00597008
-0.00604493
-0.0061214
-0.00619837
-0.00627582
-0.00635304
-0.00643096
-0.00650952
-0.00658697
-0.00666539
-0.0067431
-0.00682091
-0.00689793
-0.00697618
-0.0070549
-0.00713444
-0.00721546
-0.00729705
-0.00737965
-0.00746093
-0.00754193
-0.00762254
-0.0077033
-0.00778507
-0.0078692
-0.00795571
-0.00804338
-0.00812995
-0.00821575
-0.00830073
-0.00838613
-0.00847375
-0.00856282
-0.00865427
-0.00874467
-0.00883419
-0.00892312
-0.00901256
-0.0091038
-0.00919462
-0.00928665
-0.00937659
-0.00946621
-0.00955527
-0.00964224
-0.00972866
-0.00980932
-0.00988421
-0.00995064
-0.000909883
-0.00028959
0.000459763
0.00113182
0.00162526
0.00190204
0.00195847
0.00182545
0.0015531
0.00119355
0.000792571
0.000382212
-1.72027e-05
-0.000389873
-0.000731168
-0.00104942
-0.00135515
-0.00165573
-0.00195447
-0.00225233
-0.00255699
-0.00288112
-0.00322368
-0.00356621
-0.00389296
-0.00420523
-0.00450233
-0.00476945
-0.00499155
-0.00516534
-0.00529006
-0.00536446
-0.00539077
-0.00537742
-0.00533947
-0.00529235
-0.00524635
-0.00520812
-0.00518645
-0.00518582
-0.00520718
-0.00524781
-0.00530338
-0.00536702
-0.0054363
-0.00550904
-0.00558321
-0.00565875
-0.00573435
-0.00580973
-0.00588438
-0.00596015
-0.00603523
-0.00611181
-0.006189
-0.00626682
-0.00634442
-0.00642255
-0.00650136
-0.00657915
-0.00665785
-0.00673586
-0.00681387
-0.00689105
-0.00696956
-0.00704868
-0.00712866
-0.00721014
-0.00729216
-0.00737507
-0.00745656
-0.00753755
-0.0076181
-0.00769888
-0.00778084
-0.0078653
-0.00795226
-0.00804029
-0.00812703
-0.00821267
-0.00829742
-0.00838273
-0.00847054
-0.00855999
-0.0086518
-0.00874229
-0.0088317
-0.00892039
-0.00900981
-0.00910127
-0.00919245
-0.0092845
-0.00937439
-0.00946404
-0.00955331
-0.0096406
-0.00972723
-0.00980824
-0.00988357
-0.00995068
-0.00111939
-0.000492597
0.000267103
0.00095202
0.00146125
0.00175762
0.00183499
0.00172
0.00146221
0.00111443
0.000722418
0.000318404
-7.76703e-05
-0.000449438
-0.000788616
-0.00110154
-0.00139951
-0.00168937
-0.00197506
-0.00225877
-0.00254546
-0.0028457
-0.00316331
-0.00348582
-0.00379533
-0.00408857
-0.00436895
-0.00462731
-0.00484704
-0.00502294
-0.00515598
-0.00524488
-0.00529002
-0.0052976
-0.00527947
-0.00524921
-0.00521752
-0.00518995
-0.00517346
-0.00517402
-0.00519486
-0.00523442
-0.00528933
-0.0053528
-0.00542162
-0.00549436
-0.00556959
-0.00564621
-0.00572247
-0.00579837
-0.00587339
-0.00594944
-0.00602491
-0.00610173
-0.00617915
-0.00625721
-0.00633513
-0.00641354
-0.00649266
-0.00657083
-0.00664983
-0.0067281
-0.00680634
-0.00688373
-0.00696244
-0.00704197
-0.00712251
-0.00720454
-0.00728699
-0.0073702
-0.00745188
-0.00753282
-0.00761328
-0.00769411
-0.00777633
-0.00786117
-0.00794859
-0.00803697
-0.00812387
-0.00820936
-0.00829388
-0.00837911
-0.00846716
-0.00855699
-0.00864916
-0.00873975
-0.00882903
-0.00891749
-0.0090069
-0.00909857
-0.00919012
-0.00928221
-0.00937203
-0.00946176
-0.00955126
-0.00963887
-0.00972571
-0.00980706
-0.00988283
-0.00995058
-0.00132709
-0.000693928
7.5854e-05
0.000772643
0.00129568
0.00160867
0.00170506
0.00160775
0.00136453
0.00102871
0.00064626
0.000250257
-0.000139861
-0.000508596
-0.000845036
-0.00115222
-0.00144175
-0.0017213
-0.00199414
-0.00226315
-0.00253297
-0.00281164
-0.00310467
-0.00340605
-0.00369952
-0.00397637
-0.00424002
-0.0044884
-0.00470572
-0.00488285
-0.0050219
-0.00512318
-0.00518522
-0.00521223
-0.00521353
-0.00519997
-0.00518234
-0.00516656
-0.00515755
-0.00516057
-0.00518122
-0.00522013
-0.00527451
-0.00533767
-0.00540603
-0.00547837
-0.0055541
-0.00563202
-0.00570934
-0.00578593
-0.00586157
-0.00593796
-0.00601375
-0.00609089
-0.00616864
-0.00624699
-0.00632529
-0.00640403
-0.00648353
-0.00656202
-0.00664126
-0.00671975
-0.00679816
-0.00687586
-0.00695486
-0.00703483
-0.00711599
-0.00719861
-0.00728147
-0.00736491
-0.0074468
-0.00752775
-0.00760818
-0.00768909
-0.00777156
-0.0078568
-0.00794466
-0.0080334
-0.00812047
-0.00820582
-0.00829013
-0.00837529
-0.00846358
-0.00855382
-0.00864632
-0.008737
-0.00882616
-0.00891442
-0.00900384
-0.00909572
-0.00918763
-0.0092798
-0.00936953
-0.00945937
-0.00954911
-0.00963703
-0.00972407
-0.00980577
-0.00988197
-0.00995033
-0.0015323
-0.000893482
-0.000114027
0.000593858
0.00112934
0.00145657
0.00156969
0.00148951
0.00126107
0.000937531
0.000564949
0.000177502
-0.000205013
-0.00056858
-0.000901137
-0.00120226
-0.00148248
-0.0017511
-0.00201149
-0.00226581
-0.00251912
-0.00277858
-0.00304911
-0.00332893
-0.00360592
-0.00386819
-0.00411615
-0.00435301
-0.00456707
-0.00474534
-0.0048888
-0.00500047
-0.00507773
-0.00512228
-0.005142
-0.00514508
-0.00514107
-0.00513718
-0.0051377
-0.00514536
-0.00516627
-0.0052046
-0.00525871
-0.00532148
-0.00538936
-0.0054613
-0.00553707
-0.00561622
-0.00569508
-0.00577242
-0.00584858
-0.00592547
-0.00600169
-0.00607925
-0.00615756
-0.00623629
-0.00631487
-0.00639385
-0.00647375
-0.0065526
-0.00663205
-0.00671081
-0.00678945
-0.00686751
-0.00694691
-0.00702728
-0.00710897
-0.00719227
-0.00727563
-0.00735933
-0.00744141
-0.00752234
-0.00760269
-0.0076837
-0.00776645
-0.00785217
-0.00794052
-0.00802961
-0.00811682
-0.00820201
-0.00828612
-0.00837123
-0.00845978
-0.00855046
-0.00864328
-0.00873406
-0.00882309
-0.00891118
-0.00900063
-0.00909274
-0.00918498
-0.00927723
-0.00936687
-0.00945683
-0.00954683
-0.00963508
-0.00972232
-0.00980435
-0.00988101
-0.00994995
-0.00173443
-0.00109105
-0.000302691
0.000415667
0.000962581
0.00130249
0.00143031
0.00136622
0.00115248
0.000841197
0.000478616
9.97712e-05
-0.000274038
-0.000630048
-0.00095681
-0.00125118
-0.00152167
-0.00177849
-0.00202656
-0.00226713
-0.00250452
-0.00274635
-0.0029968
-0.00325549
-0.0035149
-0.00376343
-0.00399771
-0.00422259
-0.00443198
-0.00461148
-0.00475839
-0.00487793
-0.00496835
-0.00502853
-0.00506513
-0.00508466
-0.00509421
-0.00510169
-0.00511257
-0.00512729
-0.00514979
-0.00518734
-0.00524148
-0.00530448
-0.00537194
-0.00544353
-0.00551908
-0.00559871
-0.00567903
-0.00575749
-0.00583426
-0.00591187
-0.00598878
-0.00606673
-0.00614563
-0.00622493
-0.00630388
-0.00638304
-0.00646336
-0.00654274
-0.00662241
-0.00670139
-0.00678022
-0.00685854
-0.00693831
-0.00701922
-0.00710153
-0.00718556
-0.00726951
-0.00735339
-0.00743554
-0.00751643
-0.00759679
-0.00767802
-0.00776113
-0.00784735
-0.00793615
-0.00802553
-0.00811283
-0.00819789
-0.00828184
-0.00836699
-0.00845582
-0.00854692
-0.00864005
-0.00873089
-0.0088198
-0.00890774
-0.00899724
-0.00908959
-0.00918213
-0.00927449
-0.00936408
-0.00945418
-0.00954446
-0.00963305
-0.00972046
-0.00980281
-0.00987991
-0.00994938
-0.00193327
-0.00128625
-0.000489931
0.000238398
0.000796102
0.00114776
0.00128869
0.00123912
0.00103939
0.000740115
0.000387809
1.80672e-05
-0.000346211
-0.000692656
-0.00101176
-0.00129883
-0.00155979
-0.00180465
-0.00204008
-0.00226779
-0.00249023
-0.002715
-0.00294705
-0.003186
-0.00342745
-0.00366256
-0.00388518
-0.00409854
-0.00430138
-0.00448123
-0.00463113
-0.0047562
-0.00485752
-0.00493187
-0.00498366
-0.00501888
-0.00504214
-0.00506059
-0.00508162
-0.00510515
-0.00513153
-0.00516865
-0.00522264
-0.00528666
-0.00535385
-0.00542463
-0.00549991
-0.00557955
-0.00566094
-0.00574116
-0.00581893
-0.00589708
-0.00597483
-0.00605329
-0.00613283
-0.00621298
-0.00629248
-0.00637174
-0.00645234
-0.00653228
-0.00661219
-0.00669124
-0.0067702
-0.00684889
-0.00692916
-0.0070108
-0.0070938
-0.00717841
-0.00726291
-0.00734703
-0.00742927
-0.00751017
-0.00759058
-0.00767207
-0.00775553
-0.00784222
-0.00793147
-0.00802117
-0.00810856
-0.00819349
-0.00827731
-0.00836254
-0.00845167
-0.00854316
-0.00863659
-0.00872749
-0.00881627
-0.00890413
-0.00899372
-0.00908631
-0.00917912
-0.00927158
-0.00936115
-0.0094514
-0.00954198
-0.00963087
-0.00971846
-0.00980112
-0.00987868
-0.00994866
-0.0021282
-0.00147791
-0.000674568
6.31013e-05
0.000631066
0.000993624
0.0011462
0.00110927
0.000922435
0.000635001
0.000293439
-6.63423e-05
-0.000420614
-0.000756709
-0.00106695
-0.00134625
-0.00159779
-0.00183074
-0.00205285
-0.00226754
-0.0024761
-0.00268451
-0.00289924
-0.00312049
-0.00334489
-0.00356656
-0.0037784
-0.00398092
-0.00417587
-0.00435466
-0.0045075
-0.00463675
-0.00474646
-0.00483337
-0.00489878
-0.0049483
-0.00498525
-0.00501465
-0.00504504
-0.00507782
-0.00511049
-0.00514862
-0.00520192
-0.00526703
-0.00533471
-0.00540471
-0.00547982
-0.00555958
-0.0056414
-0.00572322
-0.00580247
-0.00588103
-0.00595958
-0.00603892
-0.00611915
-0.00620012
-0.00628045
-0.00635989
-0.00644062
-0.00652103
-0.0066013
-0.00668056
-0.0067597
-0.00683883
-0.00691955
-0.00700184
-0.00708557
-0.00717081
-0.00725589
-0.00734037
-0.00742272
-0.00750348
-0.00758383
-0.00766564
-0.00774961
-0.00783688
-0.00792661
-0.00801658
-0.00810397
-0.00818872
-0.00827245
-0.00835784
-0.00844738
-0.00853927
-0.00863289
-0.00872383
-0.00881254
-0.00890034
-0.00899006
-0.00908285
-0.00917589
-0.00926847
-0.00935805
-0.00944849
-0.00953936
-0.00962855
-0.00971634
-0.00979932
-0.00987734
-0.00994777
-0.00231865
-0.00166505
-0.000855604
-0.000109643
0.000467739
0.000840265
0.00100322
0.000977453
0.000802578
0.000526949
0.000196548
-0.000152725
-0.000496941
-0.000822831
-0.00112333
-0.00139383
-0.00163552
-0.00185643
-0.00206501
-0.00226634
-0.00246197
-0.00265555
-0.00285403
-0.00305928
-0.0032679
-0.00347587
-0.0036771
-0.00386989
-0.00405684
-0.00423304
-0.00438815
-0.00452082
-0.00463641
-0.00473373
-0.00481141
-0.00487368
-0.00492369
-0.0049642
-0.00500332
-0.00504492
-0.00508549
-0.00512684
-0.00517951
-0.00524526
-0.00531458
-0.00538447
-0.00545892
-0.00553867
-0.00562057
-0.00570324
-0.00578427
-0.00586383
-0.00594305
-0.00602338
-0.0061046
-0.0061864
-0.00626775
-0.00634758
-0.00642832
-0.00650913
-0.00658987
-0.00666947
-0.00674864
-0.00682804
-0.00690923
-0.00699226
-0.00707697
-0.00716301
-0.00724854
-0.00733316
-0.00741557
-0.00749623
-0.00757664
-0.00765893
-0.00774357
-0.00783142
-0.00792148
-0.00801164
-0.00809898
-0.0081836
-0.00826735
-0.00835297
-0.00844295
-0.00853519
-0.00862892
-0.00871985
-0.00880856
-0.00889639
-0.00898626
-0.00907924
-0.00917245
-0.00926517
-0.00935482
-0.00944549
-0.00953664
-0.00962608
-0.00971408
-0.00979739
-0.00987583
-0.00994669
-0.00250457
-0.0018476
-0.00103271
-0.000279574
0.000306275
0.000688059
0.000860758
0.000845348
0.00068163
0.000417408
9.8016e-05
-0.000240928
-0.000575248
-0.000890953
-0.0011808
-0.00144117
-0.00167263
-0.00188191
-0.00207755
-0.00226552
-0.0024485
-0.00262883
-0.00281213
-0.0030021
-0.00319617
-0.00339088
-0.00358183
-0.003766
-0.00394507
-0.00411701
-0.00427304
-0.00440879
-0.0045287
-0.00463403
-0.00472255
-0.00479612
-0.00485801
-0.00490967
-0.00495729
-0.00500682
-0.00505563
-0.00510236
-0.00515571
-0.00522158
-0.00529275
-0.00536345
-0.00543695
-0.00551644
-0.00559877
-0.00568184
-0.00576438
-0.00584566
-0.00592566
-0.00600657
-0.00608909
-0.00617187
-0.00625412
-0.00633462
-0.00641556
-0.00649668
-0.00657769
-0.0066576
-0.00673688
-0.00681664
-0.00689848
-0.00698238
-0.00706798
-0.00715473
-0.00724062
-0.00732534
-0.00740797
-0.00748874
-0.00756922
-0.0076519
-0.00773717
-0.00782567
-0.00791605
-0.00800637
-0.00809366
-0.00817813
-0.00826197
-0.00834787
-0.00843832
-0.00853092
-0.0086247
-0.00871559
-0.00880438
-0.00889235
-0.00898238
-0.00907549
-0.00916878
-0.00926164
-0.00935146
-0.0094424
-0.00953382
-0.00962344
-0.00971164
-0.0097953
-0.00987419
-0.00994545
-0.00268587
-0.0020256
-0.00120558
-0.00044595
0.000147636
0.000538174
0.000720252
0.000714582
0.00056105
0.000307241
-1.88818e-06
-0.000330825
-0.000654997
-0.00096003
-0.00123873
-0.00148844
-0.00170986
-0.00190819
-0.00209143
-0.00226618
-0.00243629
-0.00260413
-0.00277356
-0.00294907
-0.00312981
-0.00331227
-0.00349315
-0.00366911
-0.00384053
-0.00400726
-0.00416297
-0.00430147
-0.00442477
-0.00453567
-0.00463307
-0.00471663
-0.00478894
-0.00485131
-0.00490748
-0.00496417
-0.00502086
-0.00507439
-0.00513023
-0.00519616
-0.00526863
-0.0053411
-0.00541446
-0.00549337
-0.00557621
-0.00565963
-0.00574286
-0.0058259
-0.00590732
-0.00598846
-0.00607212
-0.00615648
-0.00623979
-0.00632107
-0.00640234
-0.00648355
-0.00656461
-0.00664493
-0.0067247
-0.00680502
-0.00688733
-0.00697193
-0.00705838
-0.00714598
-0.00723247
-0.00731723
-0.00739987
-0.00748068
-0.0075613
-0.00764447
-0.00773051
-0.0078198
-0.00791046
-0.00800076
-0.00808789
-0.00817223
-0.00825631
-0.00834265
-0.00843362
-0.00852651
-0.00862024
-0.00871098
-0.00879989
-0.00888819
-0.00897839
-0.00907158
-0.00916486
-0.00925787
-0.00934796
-0.00943923
-0.0095309
-0.00962064
-0.00970904
-0.00979311
-0.00987245
-0.00994401
-0.0028621
-0.00219868
-0.00137367
-0.0006078
-6.99509e-06
0.000391693
0.000582529
0.000585838
0.000441484
0.000197069
-0.000102388
-0.000421297
-0.000735039
-0.00102941
-0.00129739
-0.00153666
-0.00174802
-0.00193563
-0.0021067
-0.00226837
-0.00242561
-0.00258149
-0.00273869
-0.00290096
-0.00306911
-0.00324012
-0.00341117
-0.00357931
-0.0037438
-0.00390494
-0.00405892
-0.00419909
-0.00432504
-0.0044398
-0.0045439
-0.00463611
-0.0047176
-0.00478986
-0.00485464
-0.00491799
-0.00498172
-0.0050424
-0.00510222
-0.0051691
-0.00524256
-0.00531713
-0.00539145
-0.00546966
-0.00555238
-0.00563639
-0.00572009
-0.00580439
-0.00588787
-0.00596967
-0.00605405
-0.00614025
-0.00622493
-0.00630661
-0.00638822
-0.00646981
-0.00655103
-0.00663175
-0.00671196
-0.00679286
-0.0068756
-0.00696099
-0.00704853
-0.00713699
-0.00722392
-0.00730852
-0.00739099
-0.00747197
-0.00755313
-0.00763701
-0.00772376
-0.0078137
-0.00790454
-0.0079947
-0.00808168
-0.00816603
-0.00825053
-0.00833737
-0.00842878
-0.00852181
-0.00861538
-0.00870603
-0.00879514
-0.00888393
-0.0089744
-0.00906758
-0.00916072
-0.00925385
-0.00934431
-0.00943596
-0.00952795
-0.00961775
-0.00970625
-0.00979075
-0.00987056
-0.00994242
-0.00303224
-0.00236576
-0.00153604
-0.000764278
-0.00015679
0.000249247
0.000447997
0.000459512
0.000323672
8.80901e-05
-0.000202038
-0.000511219
-0.000815002
-0.00109931
-0.00135711
-0.00158603
-0.00178694
-0.00196369
-0.00212298
-0.00227236
-0.00241754
-0.00256203
-0.00270795
-0.00285808
-0.0030142
-0.0031745
-0.00333635
-0.00349697
-0.00365501
-0.00381029
-0.00396114
-0.0041018
-0.00423002
-0.00434778
-0.00445667
-0.00455586
-0.00464534
-0.00472624
-0.00479923
-0.00486891
-0.00493868
-0.00500637
-0.0050713
-0.00514034
-0.00521487
-0.00529122
-0.00536717
-0.00544528
-0.00552753
-0.00561225
-0.0056968
-0.00578166
-0.00586713
-0.0059505
-0.00603514
-0.00612244
-0.00620908
-0.00629157
-0.00637347
-0.00645573
-0.00653698
-0.00661764
-0.0066982
-0.00678021
-0.00686387
-0.00694997
-0.00703838
-0.0071275
-0.00721476
-0.00729925
-0.00738169
-0.00746284
-0.00754464
-0.00762938
-0.00771685
-0.00780738
-0.00789833
-0.00798833
-0.0080751
-0.00815948
-0.00824449
-0.00833189
-0.00842384
-0.00851694
-0.00861024
-0.00870083
-0.00879019
-0.00887959
-0.0089704
-0.00906346
-0.00915633
-0.00924956
-0.00934048
-0.00943259
-0.00952494
-0.00961469
-0.00970322
-0.00978824
-0.00986861
-0.00994071
-0.00319551
-0.00252613
-0.00169216
-0.000915124
-0.000301546
0.000111159
0.000317212
0.000336435
0.000208751
-1.83907e-05
-0.000299816
-0.000600082
-0.00089469
-0.00116943
-0.00141728
-0.00163584
-0.0018262
-0.00199246
-0.00214108
-0.0022793
-0.00241305
-0.00254622
-0.00268128
-0.00282033
-0.00296539
-0.00311559
-0.00326873
-0.00342197
-0.00357389
-0.00372357
-0.00387051
-0.00401056
-0.00414048
-0.00426063
-0.00437267
-0.00447696
-0.00457297
-0.00466115
-0.0047417
-0.00481778
-0.00489291
-0.00496698
-0.0050375
-0.00510954
-0.00518556
-0.00526354
-0.00534142
-0.00542037
-0.00550228
-0.00558713
-0.00567277
-0.00575817
-0.00584505
-0.00593038
-0.00601562
-0.00610346
-0.00619242
-0.00627649
-0.00635809
-0.00644051
-0.00652206
-0.00660295
-0.00668407
-0.00676736
-0.00685204
-0.00693872
-0.00702779
-0.00711759
-0.00720524
-0.00728953
-0.00737187
-0.00745316
-0.00753572
-0.00762165
-0.00771007
-0.007801
-0.00789175
-0.00798147
-0.00806801
-0.00815254
-0.00823837
-0.00832651
-0.00841893
-0.00851194
-0.00860476
-0.00869529
-0.00878501
-0.00887511
-0.00896632
-0.00905927
-0.0091518
-0.00924505
-0.00933651
-0.00942908
-0.00952181
-0.00961161
-0.00970009
-0.00978557
-0.0098665
-0.00993883
-0.0033517
-0.00267953
-0.00184165
-0.00105989
-0.000440697
-2.17172e-05
0.000191243
0.000217748
9.76319e-05
-0.000121739
-0.000395305
-0.000687402
-0.000973446
-0.00123898
-0.00147718
-0.0016858
-0.0018663
-0.00202284
-0.00216146
-0.00228903
-0.00241173
-0.00253409
-0.00265897
-0.00278798
-0.00292291
-0.00306354
-0.00320842
-0.00335464
-0.00350065
-0.00364507
-0.00378771
-0.0039261
-0.00405673
-0.00417853
-0.00429264
-0.00440046
-0.0045016
-0.00459597
-0.00468331
-0.00476559
-0.00484548
-0.00492492
-0.00500103
-0.0050766
-0.00515466
-0.00523452
-0.00531428
-0.00539453
-0.00547658
-0.00556121
-0.00564795
-0.00573427
-0.00582201
-0.00590922
-0.00599612
-0.00608429
-0.00617453
-0.00626047
-0.00634201
-0.00642439
-0.00650675
-0.00658821
-0.0066695
-0.00675387
-0.00683991
-0.00692749
-0.00701712
-0.00710733
-0.00719531
-0.00727922
-0.00736152
-0.00744316
-0.00752658
-0.00761384
-0.00770326
-0.00779449
-0.00788477
-0.00797414
-0.00806067
-0.00814551
-0.00823223
-0.00832108
-0.00841384
-0.00850672
-0.00859895
-0.00868947
-0.00877966
-0.00887051
-0.00896224
-0.0090551
-0.0091472
-0.00924035
-0.00933239
-0.00942545
-0.00951859
-0.00960849
-0.0096968
-0.00978267
-0.00986424
-0.00993679
-0.00350032
-0.00282534
-0.00198369
-0.0011975
-0.000573169
-0.000148399
7.08546e-05
0.000103989
-9.34922e-06
-0.000221658
-0.000487951
-0.000772375
-0.00105035
-0.00130732
-0.00153661
-0.00173621
-0.00190752
-0.00205466
-0.00218357
-0.00230118
-0.00241384
-0.00252626
-0.00264153
-0.00276111
-0.00288676
-0.0030185
-0.0031555
-0.00329498
-0.00343523
-0.00357473
-0.00371308
-0.00384889
-0.00397912
-0.0041019
-0.00421761
-0.00432789
-0.00443279
-0.00453212
-0.00462502
-0.0047128
-0.00479717
-0.00488117
-0.00496249
-0.005042
-0.00512242
-0.00520424
-0.00528581
-0.00536761
-0.00545054
-0.00553499
-0.00562237
-0.00571003
-0.00579891
-0.00588753
-0.00597623
-0.00606491
-0.00615538
-0.00624337
-0.006326
-0.00640807
-0.0064906
-0.00657288
-0.0066545
-0.00673995
-0.00682769
-0.00691651
-0.00700663
-0.0070967
-0.00718481
-0.00726842
-0.0073507
-0.00743291
-0.00751733
-0.00760593
-0.00769644
-0.00778796
-0.00787762
-0.00796642
-0.00805303
-0.0081383
-0.00822595
-0.00831568
-0.00840864
-0.00850142
-0.00859302
-0.00868339
-0.00877426
-0.00886591
-0.00895811
-0.00905088
-0.00914255
-0.00923556
-0.00932815
-0.00942172
-0.00951513
-0.00960528
-0.00969355
-0.00977966
-0.00986182
-0.00993453
-0.00364074
-0.00296296
-0.00211769
-0.00132738
-0.000698478
-0.000268587
-4.37582e-05
-4.61762e-06
-0.000111708
-0.000317433
-0.000576884
-0.000854209
-0.00112483
-0.00137418
-0.00159543
-0.00178664
-0.00194921
-0.00208743
-0.00220743
-0.00231604
-0.00241955
-0.00252265
-0.00262885
-0.00273972
-0.00285691
-0.0029805
-0.00311003
-0.00324309
-0.00337777
-0.00351259
-0.0036468
-0.00377949
-0.00390837
-0.00403148
-0.00414841
-0.00426032
-0.00436756
-0.00447041
-0.00456772
-0.0046604
-0.00474917
-0.00483703
-0.00492282
-0.00500624
-0.00508909
-0.00517286
-0.00525657
-0.00533996
-0.005424
-0.00550877
-0.00559679
-0.00568578
-0.0057758
-0.00586542
-0.00595571
-0.00604559
-0.00613613
-0.00622551
-0.00630952
-0.00639128
-0.00647344
-0.00655701
-0.00663978
-0.0067262
-0.00681563
-0.00690567
-0.00699606
-0.00708558
-0.00717368
-0.00725725
-0.00733971
-0.00742261
-0.00750815
-0.00759803
-0.00768945
-0.00778122
-0.00787022
-0.00795833
-0.00804509
-0.00813118
-0.0082198
-0.00831037
-0.00840336
-0.00849587
-0.00858707
-0.0086773
-0.00876882
-0.00886117
-0.00895384
-0.00904666
-0.009138
-0.00923084
-0.00932382
-0.00941785
-0.0095116
-0.00960213
-0.00969037
-0.00977659
-0.00985925
-0.00993203
-0.00377241
-0.00309193
-0.00224327
-0.00144913
-0.000816086
-0.000381623
-0.000151801
-0.000107203
-0.00020854
-0.00040828
-0.000661561
-0.000932572
-0.00119663
-0.00143912
-0.00165301
-0.00183647
-0.00199107
-0.00212122
-0.00223308
-0.00233332
-0.00242837
-0.00252297
-0.00262089
-0.00272387
-0.00283338
-0.00294958
-0.00307205
-0.00319896
-0.00332833
-0.00345865
-0.00358894
-0.00371835
-0.00384531
-0.003968
-0.00408539
-0.00419814
-0.00430686
-0.00441225
-0.004513
-0.00460968
-0.00470247
-0.00479358
-0.00488291
-0.0049699
-0.00505544
-0.00514123
-0.00522689
-0.00531179
-0.00539721
-0.00548303
-0.00557157
-0.0056615
-0.00575283
-0.00584381
-0.0059355
-0.00602674
-0.00611721
-0.00620675
-0.00629193
-0.00637432
-0.00645626
-0.00654102
-0.00662561
-0.00671284
-0.00680337
-0.00689455
-0.00698545
-0.00707441
-0.00716224
-0.00724579
-0.0073286
-0.00741231
-0.00749904
-0.00759007
-0.0076822
-0.00777419
-0.0078626
-0.00795013
-0.00803706
-0.00812422
-0.0082137
-0.00830493
-0.00839796
-0.0084902
-0.00858118
-0.00867114
-0.00876324
-0.00885636
-0.00894952
-0.00904251
-0.00913366
-0.0092263
-0.00931949
-0.009414
-0.00950803
-0.00959889
-0.00968734
-0.00977357
-0.00985668
-0.00993012
-0.0038947
-0.00321163
-0.00235978
-0.00156205
-0.000925205
-0.000486653
-0.000252438
-0.000203085
-0.000299351
-0.000493797
-0.00074158
-0.00100693
-0.0012651
-0.00150143
-0.00170883
-0.00188541
-0.00203287
-0.00215564
-0.00226001
-0.00235268
-0.00244015
-0.00252721
-0.00261765
-0.00271343
-0.00281589
-0.00292527
-0.00304124
-0.00316238
-0.00328684
-0.00341295
-0.00353959
-0.00366574
-0.00379031
-0.00391179
-0.00402902
-0.00414236
-0.00425213
-0.00435906
-0.00446212
-0.00456171
-0.00465773
-0.00475167
-0.00484397
-0.00493414
-0.00502222
-0.00510971
-0.00519716
-0.00528388
-0.00537081
-0.00545784
-0.00554717
-0.00563822
-0.0057311
-0.00582362
-0.00591608
-0.00600798
-0.00609851
-0.00618812
-0.00627417
-0.00635775
-0.00643985
-0.00652511
-0.00661161
-0.00670004
-0.00679162
-0.00688389
-0.0069751
-0.0070631
-0.00715031
-0.00723394
-0.00731755
-0.00740247
-0.0074903
-0.00758224
-0.00767464
-0.00776659
-0.00785463
-0.00794189
-0.00802893
-0.00811715
-0.00820752
-0.00829917
-0.00839225
-0.00848401
-0.00857493
-0.00866482
-0.0087573
-0.00885111
-0.00894475
-0.00903809
-0.00912914
-0.00922158
-0.00931471
-0.00940947
-0.00950383
-0.00959519
-0.00968408
-0.0097703
-0.00985334
-0.00992646
-0.00400689
-0.00332139
-0.00246657
-0.00166556
-0.00102527
-0.000583128
-0.000345126
-0.00029171
-0.000383573
-0.000573352
-0.000816266
-0.00107663
-0.00132967
-0.00156065
-0.00176239
-0.00193293
-0.00207405
-0.00219031
-0.00228812
-0.00237417
-0.00245488
-0.00253516
-0.00261877
-0.00270789
-0.00280388
-0.0029071
-0.00301729
-0.00313321
-0.00325312
-0.00337513
-0.00349811
-0.00362112
-0.00374321
-0.00386316
-0.00397986
-0.00409338
-0.00420363
-0.00431127
-0.00441581
-0.00451745
-0.00461606
-0.00471238
-0.00480689
-0.00489932
-0.00498966
-0.00507895
-0.00516807
-0.00525653
-0.00534505
-0.00543382
-0.00552451
-0.00561687
-0.00571086
-0.00580469
-0.00589794
-0.00599055
-0.00608125
-0.00617061
-0.00625689
-0.00634155
-0.00642469
-0.00651051
-0.00659919
-0.00668936
-0.0067815
-0.00687406
-0.00696541
-0.00705274
-0.00713955
-0.00722366
-0.00730823
-0.00739447
-0.00748311
-0.00757543
-0.00766793
-0.00775989
-0.0078478
-0.00793513
-0.0080223
-0.00811143
-0.00820261
-0.00829441
-0.00838754
-0.00847894
-0.00857
-0.00865978
-0.00875228
-0.00884667
-0.0089408
-0.00903474
-0.00912588
-0.00921801
-0.00931081
-0.00940562
-0.00950044
-0.00959232
-0.00968178
-0.00976806
-0.00985102
-0.00992477
-0.00410861
-0.00342098
-0.00256353
-0.00175963
-0.00111632
-0.000671082
-0.000429829
-0.000372945
-0.000461035
-0.000646784
-0.000885494
-0.00114156
-0.00139022
-0.00161663
-0.00181353
-0.00197892
-0.00211467
-0.00222547
-0.00231774
-0.00239813
-0.00247293
-0.00254712
-0.00262458
-0.00270782
-0.00279832
-0.00289633
-0.00300138
-0.0031122
-0.0032274
-0.00334546
-0.00346522
-0.00358542
-0.00370489
-0.00382279
-0.00393837
-0.00405144
-0.00416173
-0.00426949
-0.00437472
-0.00447744
-0.00457769
-0.00467555
-0.00477136
-0.00486529
-0.00495728
-0.00504807
-0.00513839
-0.00522843
-0.0053186
-0.00540927
-0.00550136
-0.00559489
-0.00568981
-0.00578495
-0.005879
-0.00597167
-0.00606209
-0.00615109
-0.00623779
-0.0063235
-0.00640845
-0.00649525
-0.00658527
-0.00667692
-0.00676951
-0.00686213
-0.00695374
-0.00704083
-0.00712733
-0.00721191
-0.0072973
-0.00738484
-0.00747433
-0.00756686
-0.00765932
-0.00775146
-0.00783938
-0.00792706
-0.00801449
-0.00810407
-0.0081961
-0.00828814
-0.00838155
-0.00847265
-0.00856372
-0.00865366
-0.00874601
-0.00884089
-0.00893556
-0.00903027
-0.00912169
-0.00921351
-0.00930595
-0.00940055
-0.00949578
-0.00958847
-0.00967873
-0.00976519
-0.00984749
-0.00992033
-0.00419753
-0.00350873
-0.0026495
-0.00184342
-0.00119773
-0.000750011
-0.000506197
-0.000446575
-0.000531698
-0.000714228
-0.000949595
-0.00120226
-0.0014475
-0.00167036
-0.00186351
-0.00202486
-0.00215633
-0.00226271
-0.00235043
-0.00242618
-0.00249615
-0.00256548
-0.00263812
-0.00271674
-0.00280267
-0.00289612
-0.00299655
-0.00310301
-0.0032144
-0.00332931
-0.00344619
-0.00356363
-0.00368064
-0.00379663
-0.00391113
-0.0040236
-0.00413374
-0.00424134
-0.00434675
-0.00444998
-0.00455109
-0.00464979
-0.00474627
-0.00484106
-0.00493421
-0.00502618
-0.00511742
-0.00520864
-0.00530032
-0.00539276
-0.00548619
-0.0055808
-0.00567626
-0.00577209
-0.00586642
-0.00595898
-0.00604916
-0.00613787
-0.00622496
-0.00631124
-0.00639775
-0.00648567
-0.00657652
-0.00666908
-0.00676237
-0.00685462
-0.006946
-0.00703312
-0.00711918
-0.0072043
-0.00729026
-0.00737894
-0.00746917
-0.00756168
-0.00765369
-0.0077459
-0.00783403
-0.00792159
-0.00800947
-0.00809911
-0.00819179
-0.00828422
-0.00837773
-0.00846867
-0.00855953
-0.00864972
-0.00874171
-0.00883671
-0.00893192
-0.00902722
-0.00911926
-0.00921084
-0.00930266
-0.0093969
-0.00949224
-0.00958564
-0.00967674
-0.00976356
-0.00984559
-0.00991834
-0.00426647
-0.00357593
-0.00271462
-0.00190631
-0.0012584
-0.00080852
-0.000562599
-0.000500783
-0.000583517
-0.000763434
-0.000996038
-0.00124591
-0.0014883
-0.00170826
-0.00189824
-0.00205622
-0.00218406
-0.00228681
-0.00237081
-0.00244288
-0.00250899
-0.00257438
-0.00264296
-0.0027176
-0.00279968
-0.00288948
-0.00298639
-0.00308943
-0.00319766
-0.00330971
-0.00342426
-0.00353962
-0.00365493
-0.00376933
-0.00388285
-0.00399465
-0.00410457
-0.0042119
-0.00431717
-0.00442045
-0.00452184
-0.00462103
-0.00471791
-0.00481334
-0.00490729
-0.00500035
-0.00509256
-0.00518512
-0.00527821
-0.00537254
-0.00546737
-0.00556328
-0.00565934
-0.00575578
-0.00585079
-0.00594345
-0.0060339
-0.00612232
-0.00621002
-0.00629674
-0.00638462
-0.00647386
-0.0065656
-0.00665874
-0.0067526
-0.0068452
-0.00693609
-0.00702392
-0.00710978
-0.00719551
-0.00728204
-0.00737139
-0.00746253
-0.00755509
-0.00764711
-0.00773905
-0.00782785
-0.0079152
-0.00800351
-0.0080936
-0.0081864
-0.00827957
-0.00837319
-0.00846432
-0.00855491
-0.00864532
-0.00873737
-0.00883209
-0.00892785
-0.00902363
-0.00911617
-0.00920796
-0.00929927
-0.00939328
-0.00948856
-0.0095823
-0.00967413
-0.0097614
-0.00984342
-0.00991594
-0.00434441
-0.00365376
-0.00279187
-0.00198259
-0.00133347
-0.000882294
-0.000634988
-0.000571707
-0.000652786
-0.000830885
-0.00106149
-0.00130931
-0.00154957
-0.00176732
-0.00195488
-0.00211025
-0.00223527
-0.0023351
-0.00241611
-0.00248509
-0.00254798
-0.00260997
-0.00267511
-0.0027463
-0.00282509
-0.0029116
-0.0030053
-0.00310507
-0.00321024
-0.00331947
-0.00343167
-0.00354484
-0.00365816
-0.00377066
-0.00388255
-0.00399294
-0.00410147
-0.00420743
-0.00431121
-0.00441322
-0.00451337
-0.00461163
-0.0047076
-0.00480238
-0.00489581
-0.00498879
-0.00508098
-0.00517376
-0.00526709
-0.00536199
-0.00545746
-0.00555381
-0.0056503
-0.00574676
-0.00584215
-0.00593469
-0.00602527
-0.00611348
-0.00620135
-0.00628838
-0.00637661
-0.00646651
-0.00655848
-0.00665199
-0.00674584
-0.00683883
-0.00692931
-0.00701731
-0.00710319
-0.00718881
-0.00727578
-0.0073652
-0.00745701
-0.00754958
-0.00764161
-0.00773325
-0.00782229
-0.00790972
-0.00799791
-0.00808844
-0.00818112
-0.00827483
-0.00836867
-0.00845993
-0.00855051
-0.00864086
-0.00873309
-0.00882755
-0.00892356
-0.00901965
-0.00911258
-0.0092048
-0.00929585
-0.00938959
-0.00948475
-0.00957856
-0.00967091
-0.0097585
-0.00984025
-0.0099118
)
;

boundaryField
{
    zeroGradientPlanes
    {
        type            zeroGradient;
    }
    inlet
    {
        type            zeroGradient;
    }
    plate
    {
        type            zeroGradient;
    }
    frontAndBack
    {
        type            empty;
    }
}


// ************************************************************************* //
