/*--------------------------------*- C++ -*----------------------------------*\
| =========                 |                                                 |
| \\      /  F ield         | OpenFOAM: The Open Source CFD Toolbox           |
|  \\    /   O peration     | Version:  v2106                                 |
|   \\  /    A nd           | Website:  www.openfoam.com                      |
|    \\/     M anipulation  |                                                 |
\*---------------------------------------------------------------------------*/
FoamFile
{
    version     2.0;
    format      ascii;
    arch        "LSB;label=32;scalar=64";
    class       volScalarField;
    location    "1.2";
    object      p;
}
// * * * * * * * * * * * * * * * * * * * * * * * * * * * * * * * * * * * * * //

dimensions      [0 2 -2 0 0 0 0];

internalField   nonuniform List<scalar> 
4800
(
-9.28511e-11
-1.12811e-05
-2.77855e-05
-0.000111569
-0.000203078
-0.000315547
-0.000374199
-0.000395551
-0.000405027
-0.000413084
-0.000399031
-0.00034496
-0.00024635
-0.000117213
7.29659e-05
0.000316676
0.000657937
0.00114297
0.0016815
0.00235771
1.28988e-05
-1.41813e-05
-2.55397e-05
-0.000113803
-0.000199519
-0.00031813
-0.000369292
-0.000397323
-0.000399543
-0.000414327
-0.000393725
-0.000346402
-0.000243306
-0.000121686
7.60442e-05
0.000313223
0.000653572
0.0010877
0.00150408
0.00199018
1.63631e-05
-1.61708e-05
-2.43743e-05
-0.000114615
-0.00019795
-0.000319126
-0.000367216
-0.000397167
-0.000397313
-0.000413147
-0.000391934
-0.000344149
-0.000243226
-0.000122216
7.13155e-05
0.000300391
0.000610053
0.000977915
0.00131428
0.0017107
2.6472e-05
-1.82822e-05
-2.32503e-05
-0.000114838
-0.000197264
-0.000318697
-0.000366645
-0.0003945
-0.000398372
-0.000407629
-0.00039333
-0.000340722
-0.000240141
-0.000122163
5.88542e-05
0.000278823
0.0005408
0.000840649
0.00111673
0.00147482
3.37025e-05
-1.99439e-05
-2.29221e-05
-0.000114107
-0.000197643
-0.000316893
-0.000367763
-0.000390322
-0.000401026
-0.000402804
-0.000387307
-0.000336051
-0.000241365
-0.000125823
3.80604e-05
0.000235168
0.000445457
0.000666509
0.000921901
0.00126483
4.27829e-05
-2.0002e-05
-2.37676e-05
-0.000112058
-0.000199584
-0.000313447
-0.000368756
-0.000387213
-0.00039648
-0.000397634
-0.000383357
-0.000333282
-0.000243939
-0.000133825
6.946e-06
0.000159518
0.000297117
0.000493393
0.000746737
0.00107595
5.11837e-05
-1.81356e-05
-2.64296e-05
-0.000108573
-0.000203235
-0.000310109
-0.000366842
-0.000384727
-0.000391912
-0.000391424
-0.000380041
-0.000331901
-0.000248065
-0.000152486
-5.78574e-05
2.78338e-05
0.000155077
0.000348561
0.000591187
0.000895095
5.95343e-05
-1.3693e-05
-2.9468e-05
-0.000106044
-0.00020376
-0.00031003
-0.00036354
-0.000378142
-0.000386821
-0.000386528
-0.000377737
-0.000331974
-0.000262648
-0.000208476
-0.000169606
-8.84133e-05
4.16365e-05
0.000221977
0.00043604
0.000708999
6.69491e-05
-6.5723e-06
-3.09384e-05
-0.000106746
-0.000201655
-0.00030757
-0.000361721
-0.000369938
-0.000379994
-0.00038347
-0.000379672
-0.000348413
-0.000308124
-0.000300203
-0.000264192
-0.000177252
-5.67172e-05
9.16798e-05
0.000272007
0.000515612
7.49807e-05
7.49985e-07
-2.9533e-05
-0.000108357
-0.00020175
-0.000299387
-0.0003591
-0.000363845
-0.000372997
-0.000382452
-0.000388682
-0.000388754
-0.000394113
-0.000380933
-0.000334063
-0.000254204
-0.000160433
-4.78248e-05
9.80913e-05
0.000315984
8.25766e-05
8.42504e-06
-2.48336e-05
-0.000106062
-0.000204428
-0.000292863
-0.00035094
-0.000359748
-0.000368392
-0.000391186
-0.000428303
-0.000463234
-0.000464165
-0.00043873
-0.000395244
-0.000338784
-0.000275081
-0.000197394
-8.29784e-05
0.00011259
8.97874e-05
1.64868e-05
-1.81614e-05
-9.78371e-05
-0.000206846
-0.000290483
-0.000342775
-0.000354963
-0.000376987
-0.000425264
-0.00048841
-0.000519639
-0.000512192
-0.000489949
-0.000464903
-0.000435315
-0.000401868
-0.000354844
-0.00026784
-9.15534e-05
9.79033e-05
2.49936e-05
-1.12909e-05
-8.35699e-05
-0.000200852
-0.00029495
-0.000341997
-0.000354753
-0.000402469
-0.000485348
-0.000541031
-0.00056074
-0.000557144
-0.000549494
-0.00054657
-0.000544116
-0.000537908
-0.000517758
-0.000454801
-0.000294697
0.000105021
3.55973e-05
-4.42502e-06
-6.79724e-05
-0.000184474
-0.000297705
-0.000358799
-0.000380691
-0.000441348
-0.000525105
-0.000581637
-0.000601958
-0.000608431
-0.000619125
-0.000638959
-0.000661482
-0.000680279
-0.000684687
-0.000642416
-0.000496629
0.000114305
4.80925e-05
5.02258e-06
-5.52413e-05
-0.000166563
-0.000291977
-0.000390027
-0.000437252
-0.000483357
-0.000552831
-0.000614451
-0.000646203
-0.000667494
-0.000697453
-0.000738683
-0.000784715
-0.000827298
-0.000854144
-0.000830471
-0.000697615
0.000123767
6.13423e-05
1.92596e-05
-4.4392e-05
-0.000158964
-0.000293144
-0.000416859
-0.000486069
-0.000530458
-0.000591278
-0.000654456
-0.00069621
-0.000733169
-0.000781889
-0.000844118
-0.000913115
-0.000978857
-0.00102629
-0.00101941
-0.000898114
0.000137959
7.51323e-05
3.25956e-05
-3.21788e-05
-0.000163709
-0.000307078
-0.000438079
-0.000525528
-0.000580627
-0.000640685
-0.00070362
-0.000753516
-0.000804895
-0.000871806
-0.000954914
-0.00104667
-0.00113473
-0.00120128
-0.00120935
-0.00109808
0.00015538
9.13661e-05
4.14519e-05
-1.99561e-05
-0.000169405
-0.000336084
-0.000466715
-0.000559397
-0.000625518
-0.000690784
-0.000758881
-0.00081789
-0.000883252
-0.00096791
-0.00107161
-0.00118554
-0.00129449
-0.00137863
-0.00140003
-0.00129737
0.000174907
0.000111694
4.7933e-05
-1.83747e-05
-0.00017577
-0.00036673
-0.00050554
-0.000596221
-0.000666786
-0.000740582
-0.000818464
-0.000889738
-0.000969279
-0.00107113
-0.00119453
-0.00132929
-0.0014576
-0.00155761
-0.00159098
-0.00149568
0.000196444
0.000135778
5.39651e-05
-2.95046e-05
-0.000189282
-0.000393429
-0.000544632
-0.000638011
-0.000711892
-0.000793932
-0.000882982
-0.000968011
-0.00106277
-0.00118134
-0.00132326
-0.00147714
-0.00162348
-0.0017379
-0.0017817
-0.00169259
0.00022033
0.000160869
5.91803e-05
-4.80923e-05
-0.000212589
-0.00041995
-0.00058235
-0.000682621
-0.000761197
-0.000851492
-0.000952735
-0.0010522
-0.00116281
-0.00129783
-0.00145686
-0.00162826
-0.00179124
-0.00191917
-0.00197213
-0.00188805
0.000245643
0.000185356
6.30702e-05
-6.97402e-05
-0.000242638
-0.000452426
-0.000622452
-0.000729797
-0.000813743
-0.000912521
-0.00102729
-0.00114257
-0.00126917
-0.00142024
-0.00159506
-0.00178213
-0.00195999
-0.00210049
-0.00216172
-0.00208154
0.000270984
0.00020824
6.53773e-05
-9.35138e-05
-0.000275775
-0.000487602
-0.000665895
-0.000782063
-0.000871146
-0.000977443
-0.00110629
-0.00123853
-0.00138144
-0.00154819
-0.00173762
-0.0019385
-0.00212915
-0.00228083
-0.00234973
-0.00227266
0.0002952
0.000228798
6.66342e-05
-0.000118482
-0.000311764
-0.000526024
-0.000713008
-0.000839548
-0.000935616
-0.00104811
-0.00118917
-0.00133894
-0.00149867
-0.00168074
-0.00188385
-0.00209674
-0.00229839
-0.00245962
-0.00253537
-0.00246107
0.000317228
0.000246162
6.74237e-05
-0.000143696
-0.00035093
-0.000567804
-0.000762904
-0.00090197
-0.00100666
-0.00112561
-0.00127672
-0.00144273
-0.00162003
-0.00181724
-0.00203264
-0.00225607
-0.00246728
-0.00263642
-0.00271792
-0.0026462
0.000336265
0.000259787
6.72015e-05
-0.000168094
-0.000393432
-0.000613568
-0.000815282
-0.000968633
-0.00108412
-0.00121002
-0.00136987
-0.00154981
-0.00174453
-0.00195652
-0.00218326
-0.00241568
-0.00263474
-0.00281045
-0.00289668
-0.00282728
0.000351869
0.000269228
6.49783e-05
-0.000191546
-0.000436813
-0.00066416
-0.00087074
-0.00103788
-0.00116773
-0.00130158
-0.00146894
-0.00165998
-0.00187016
-0.00209673
-0.00233484
-0.00257588
-0.00280081
-0.00298159
-0.00307158
-0.00300399
0.000363645
0.000274541
5.99588e-05
-0.000214601
-0.000480365
-0.000718904
-0.000930799
-0.00110905
-0.00125476
-0.00139901
-0.00157437
-0.00177533
-0.0019966
-0.00223607
-0.00248541
-0.00273476
-0.00296486
-0.00314914
-0.00324191
-0.00317561
0.000371116
0.000275562
5.12814e-05
-0.000238577
-0.000523375
-0.000775519
-0.000995319
-0.00118347
-0.00134412
-0.00150054
-0.00168366
-0.00189411
-0.00212494
-0.00237478
-0.00263401
-0.00289094
-0.00312646
-0.00331311
-0.0034074
-0.00334154
0.000373912
0.000272014
3.9099e-05
-0.000263765
-0.000566388
-0.000833487
-0.00106233
-0.00126074
-0.00143596
-0.00160497
-0.0017963
-0.00201506
-0.00225464
-0.00251253
-0.00277983
-0.00304326
-0.00328369
-0.00347273
-0.00356723
-0.00350123
0.000371611
0.000264243
2.29063e-05
-0.000291064
-0.000608881
-0.00089202
-0.00113183
-0.0013393
-0.00152875
-0.00171091
-0.00191103
-0.00213766
-0.00238445
-0.00264888
-0.00292222
-0.00319113
-0.00343579
-0.00362719
-0.00372157
-0.00365436
0.000364458
0.000252141
2.89919e-06
-0.000320451
-0.000650723
-0.000949646
-0.00120322
-0.00141979
-0.00162134
-0.00181677
-0.00202554
-0.00226044
-0.00251349
-0.00278296
-0.00306069
-0.00333342
-0.00358142
-0.00377482
-0.00386959
-0.003801
0.000351891
0.000235359
-1.99458e-05
-0.00035162
-0.000693016
-0.00100534
-0.00127299
-0.00150088
-0.0017136
-0.00192185
-0.00213879
-0.00238031
-0.00264061
-0.00291462
-0.00319485
-0.00346984
-0.00372033
-0.0039149
-0.00400985
-0.0039402
0.000334101
0.000214435
-4.5733e-05
-0.000383776
-0.000734193
-0.00105933
-0.00134046
-0.00157967
-0.00180451
-0.00202497
-0.00225006
-0.00249749
-0.00276312
-0.00304048
-0.00332315
-0.00360015
-0.00385201
-0.00404694
-0.00414158
-0.00407097
0.000311181
0.000189306
-7.38613e-05
-0.000415929
-0.000773112
-0.00110949
-0.0014048
-0.00165645
-0.00189127
-0.00212279
-0.00235787
-0.00261081
-0.00288005
-0.00316067
-0.00344533
-0.00372335
-0.00397564
-0.0041706
-0.00426447
-0.00419245
0.00028365
0.000160788
-0.000102324
-0.000446664
-0.000810616
-0.00115488
-0.00146139
-0.0017284
-0.00197468
-0.00221489
-0.0024586
-0.00271817
-0.00299161
-0.0032737
-0.00355922
-0.00383759
-0.00409037
-0.00428534
-0.00437803
-0.00430433
0.000252646
0.00012915
-0.000131863
-0.000474897
-0.00084244
-0.0011948
-0.0015116
-0.00179132
-0.00205052
-0.00230044
-0.00255125
-0.00281604
-0.00309364
-0.00337798
-0.00366401
-0.00394254
-0.00419526
-0.00438997
-0.00448191
-0.00440672
0.000219505
9.68404e-05
-0.000160408
-0.000501222
-0.000868823
-0.00122631
-0.00155531
-0.00184521
-0.00211361
-0.00237559
-0.00263374
-0.00290258
-0.00318349
-0.00346992
-0.0037571
-0.0040348
-0.00428593
-0.00448002
-0.0045719
-0.00449623
0.000189265
6.77053e-05
-0.000184843
-0.00052203
-0.000891201
-0.00124971
-0.00158587
-0.00188853
-0.00216258
-0.0024336
-0.0027021
-0.00297276
-0.00325411
-0.00354268
-0.00383262
-0.00410986
-0.00435903
-0.00455154
-0.00464256
-0.00456644
0.000159073
3.7614e-05
-0.000211618
-0.000545208
-0.000913706
-0.00127414
-0.00161498
-0.00192975
-0.00221107
-0.00248568
-0.00276493
-0.0030407
-0.00332256
-0.0036128
-0.00390475
-0.00418389
-0.0044317
-0.00462186
-0.00471184
-0.00463584
0.00314511
0.00340548
0.0033563
0.00327766
0.00319397
0.00306063
0.00285351
0.00258193
0.00226721
0.00192917
0.00158152
0.0012333
0.000889179
0.000548399
0.000203871
-0.000152763
-0.000529354
-0.000937755
-0.00138928
-0.00189341
-0.00245695
-0.00308422
-0.00377424
-0.00451853
-0.00528691
-0.0060144
-0.00660602
-0.00698009
-0.0070999
-0.00698594
-0.0067154
-0.00637042
-0.00601795
-0.00570243
-0.00544714
-0.00525795
-0.0051292
-0.0050506
-0.00501189
-0.00500625
-0.00502688
-0.00506748
-0.00511901
-0.00517602
-0.00523495
-0.00529571
-0.00536039
-0.0054265
-0.00549266
-0.00555931
-0.00562688
-0.00569215
-0.0057593
-0.00582475
-0.00588653
-0.00594992
-0.00601205
-0.00607574
-0.00614098
-0.00620657
-0.00627094
-0.00633531
-0.00640149
-0.00646311
-0.00652639
-0.00659038
-0.00665537
-0.0067245
-0.00678871
-0.00685603
-0.0069227
-0.00698423
-0.00705385
-0.00712102
-0.00718701
-0.00725634
-0.00732241
-0.00739082
-0.00745851
-0.00752288
-0.00758932
-0.0076522
-0.00771787
-0.00777972
-0.0078364
-0.00789983
-0.00795574
-0.00800426
-0.00806371
-0.00812
-0.00816057
-0.00820498
-0.00825723
-0.00829971
-0.00833548
-0.00837422
-0.008409
-0.00843831
-0.00846103
-0.00848104
0.00256439
0.00303757
0.00325088
0.00326194
0.00317639
0.0030277
0.00281656
0.00254886
0.00223878
0.00190342
0.00155685
0.00120909
0.000865393
0.000525364
0.000181792
-0.000173862
-0.000549235
-0.00095587
-0.00140491
-0.00190574
-0.00246496
-0.00308662
-0.00376916
-0.00450246
-0.00525815
-0.00597417
-0.00656053
-0.00693929
-0.00706834
-0.00696311
-0.00669897
-0.00635793
-0.00600744
-0.00569377
-0.00544001
-0.00525191
-0.00512385
-0.00504574
-0.00500738
-0.00500202
-0.00502288
-0.00506369
-0.0051154
-0.00517263
-0.00523178
-0.00529272
-0.00535762
-0.00542391
-0.00549023
-0.00555706
-0.00562479
-0.00569017
-0.00575747
-0.00582305
-0.00588492
-0.00594844
-0.00601066
-0.00607444
-0.00613977
-0.00620543
-0.00626985
-0.00633428
-0.00640054
-0.00646218
-0.00652552
-0.00658956
-0.00665457
-0.00672376
-0.00678797
-0.00685534
-0.00692205
-0.00698358
-0.00705325
-0.00712045
-0.00718645
-0.00725582
-0.0073219
-0.00739034
-0.00745807
-0.00752245
-0.00758892
-0.00765182
-0.00771751
-0.0077794
-0.00783608
-0.00789955
-0.00795547
-0.00800399
-0.00806347
-0.00811981
-0.00816037
-0.00820479
-0.00825707
-0.00829957
-0.00833533
-0.00837409
-0.00840889
-0.00843821
-0.00846094
-0.00848094
0.00224696
0.00282014
0.00319343
0.00329496
0.00321199
0.00303536
0.00280278
0.00252695
0.00221555
0.00187976
0.00153185
0.00118237
0.00083716
0.000496218
0.00015251
-0.000202815
-0.000577404
-0.000982407
-0.00142843
-0.0019246
-0.00247687
-0.00308876
-0.00375772
-0.00447006
-0.00519784
-0.00588502
-0.00645157
-0.00682649
-0.00697012
-0.00689154
-0.0066533
-0.00633064
-0.00599145
-0.00568449
-0.00543621
-0.00525206
-0.00512607
-0.0050486
-0.00501015
-0.00500437
-0.00502464
-0.00506478
-0.00511586
-0.00517255
-0.00523132
-0.00529202
-0.00535668
-0.00542281
-0.00548902
-0.00555573
-0.00562339
-0.00568867
-0.00575588
-0.00582141
-0.00588327
-0.00594685
-0.00600913
-0.006073
-0.00613839
-0.00620408
-0.00626853
-0.00633297
-0.00639928
-0.00646099
-0.00652444
-0.00658856
-0.00665362
-0.00672285
-0.00678708
-0.00685449
-0.00692126
-0.00698281
-0.00705255
-0.00711979
-0.00718581
-0.00725523
-0.00732132
-0.00738979
-0.00745755
-0.00752196
-0.00758846
-0.00765137
-0.0077171
-0.007779
-0.0078357
-0.00789922
-0.00795516
-0.00800369
-0.00806321
-0.00811957
-0.00816014
-0.00820459
-0.00825689
-0.0082994
-0.00833518
-0.00837397
-0.00840878
-0.00843813
-0.00846098
-0.00848093
0.00199052
0.00259626
0.00306125
0.00325035
0.00320416
0.00302388
0.00277504
0.00248852
0.0021743
0.00183915
0.00149198
0.0011427
0.000797295
0.000456296
0.000112984
-0.000241718
-0.000615169
-0.00101761
-0.00145926
-0.00194891
-0.00249167
-0.00308994
-0.00374011
-0.0044273
-0.00512296
-0.00577766
-0.00632118
-0.0066913
-0.00685113
-0.00680287
-0.00659555
-0.00629611
-0.0059716
-0.00567357
-0.00543091
-0.00525013
-0.00512587
-0.00504895
-0.00501049
-0.00500433
-0.00502401
-0.00506343
-0.00511377
-0.00516985
-0.00522839
-0.00528904
-0.00535356
-0.00541974
-0.00548597
-0.00555267
-0.00562044
-0.0056857
-0.00575284
-0.00581835
-0.0058803
-0.00594406
-0.00600651
-0.00607061
-0.00613618
-0.00620196
-0.00626649
-0.00633096
-0.00639729
-0.00645912
-0.00652278
-0.00658706
-0.0066522
-0.00672149
-0.00678574
-0.00685316
-0.00691998
-0.00698162
-0.00705142
-0.00711868
-0.00718476
-0.00725421
-0.00732029
-0.00738877
-0.00745657
-0.00752101
-0.00758755
-0.00765046
-0.0077162
-0.00777815
-0.00783487
-0.00789843
-0.00795443
-0.008003
-0.0080625
-0.00811891
-0.00815956
-0.00820406
-0.00825636
-0.00829892
-0.00833478
-0.00837362
-0.00840846
-0.00843788
-0.00846103
-0.00848094
0.00176146
0.00237216
0.00289341
0.00316338
0.00317683
0.00301387
0.00275856
0.00246064
0.00213888
0.00180053
0.00145227
0.00110267
0.000757124
0.000416277
7.33634e-05
-0.000280692
-0.000652631
-0.00105187
-0.00148843
-0.00197066
-0.00250261
-0.00308523
-0.00371375
-0.00437299
-0.00503632
-0.00565962
-0.00618107
-0.00654638
-0.00672124
-0.00670257
-0.00652799
-0.00625516
-0.00594834
-0.00566088
-0.00542396
-0.00524623
-0.00512376
-0.00504783
-0.00500982
-0.00500362
-0.00502294
-0.00506174
-0.00511137
-0.00516686
-0.00522516
-0.00528582
-0.00535015
-0.00541636
-0.0054826
-0.00554919
-0.00561708
-0.00568225
-0.00574921
-0.00581463
-0.00587661
-0.00594056
-0.00600319
-0.00606753
-0.00613331
-0.00619915
-0.00626378
-0.00632824
-0.00639454
-0.00645653
-0.00652046
-0.006585
-0.00665023
-0.00671951
-0.00678383
-0.00685124
-0.00691809
-0.00697988
-0.00704973
-0.00711703
-0.00718319
-0.00725267
-0.00731872
-0.0073872
-0.00745503
-0.00751953
-0.00758611
-0.007649
-0.00771472
-0.00777677
-0.00783352
-0.00789706
-0.0079532
-0.00800188
-0.00806125
-0.00811771
-0.00815857
-0.00820314
-0.00825538
-0.00829804
-0.00833404
-0.00837293
-0.00840785
-0.00843736
-0.00846099
-0.00848089
0.00154998
0.00215425
0.00271505
0.00305306
0.00313192
0.00300315
0.00275246
0.00244394
0.00210993
0.00176359
0.00141131
0.0010601
0.000714123
0.000373558
3.14841e-05
-0.000321477
-0.000691311
-0.00108659
-0.00151722
-0.001991
-0.00251096
-0.00307652
-0.003682
-0.00431321
-0.0049455
-0.00553898
-0.00603924
-0.00639911
-0.00658712
-0.00659626
-0.00645433
-0.00620984
-0.00592304
-0.00564756
-0.00541684
-0.0052421
-0.00512128
-0.00504632
-0.00500886
-0.00500273
-0.00502181
-0.00506
-0.00510891
-0.00516381
-0.0052218
-0.00528242
-0.00534647
-0.00541267
-0.00547894
-0.00554538
-0.00561335
-0.00567841
-0.00574512
-0.00581041
-0.00587237
-0.00593653
-0.00599937
-0.00606396
-0.00612998
-0.00619587
-0.00626059
-0.00632504
-0.00639128
-0.00645343
-0.00651767
-0.00658255
-0.00664786
-0.0067171
-0.0067815
-0.00684888
-0.00691575
-0.00697773
-0.00704759
-0.00711496
-0.00718119
-0.0072507
-0.00731671
-0.00738514
-0.00745301
-0.00751758
-0.00758419
-0.00764706
-0.00771268
-0.00777487
-0.00783167
-0.0078951
-0.00795144
-0.00800034
-0.00805943
-0.00811592
-0.00815714
-0.00820179
-0.00825388
-0.00829669
-0.00833291
-0.00837186
-0.00840688
-0.00843653
-0.00846079
-0.00848069
0.0013442
0.00194187
0.00253133
0.00292538
0.00306721
0.00298192
0.00274596
0.00243177
0.00208484
0.00172744
0.00136831
0.00101379
0.000666795
0.000326501
-1.40304e-05
-0.000365052
-0.00073222
-0.00112275
-0.00154641
-0.00201054
-0.00251742
-0.00306497
-0.00364684
-0.00425033
-0.00485246
-0.00541732
-0.00589711
-0.00625071
-0.00644948
-0.00648408
-0.00637418
-0.00615942
-0.00589483
-0.00563301
-0.00540927
-0.0052376
-0.00511828
-0.00504414
-0.00500722
-0.00500125
-0.00502014
-0.00505781
-0.00510604
-0.00516036
-0.00521802
-0.00527861
-0.00534237
-0.00540855
-0.00547493
-0.00554123
-0.00560923
-0.00567415
-0.00574056
-0.00580572
-0.00586765
-0.00593202
-0.00599514
-0.00606005
-0.00612629
-0.00619224
-0.00625706
-0.00632147
-0.00638768
-0.00645001
-0.00651457
-0.00657983
-0.00664525
-0.00671442
-0.00677888
-0.00684622
-0.00691313
-0.00697531
-0.00704518
-0.00711262
-0.00717891
-0.00724846
-0.00731442
-0.00738277
-0.00745067
-0.00751532
-0.00758196
-0.0076448
-0.00771028
-0.00777262
-0.0078295
-0.00789276
-0.00794933
-0.00799851
-0.0080572
-0.00811372
-0.0081554
-0.00820013
-0.00825199
-0.008295
-0.00833151
-0.00837049
-0.00840564
-0.00843547
-0.00846043
-0.00848036
0.00113621
0.00173056
0.00234393
0.00278499
0.00298368
0.0029462
0.00273295
0.00242
0.00206256
0.00169273
0.0013243
0.000964368
0.000615366
0.000275171
-6.33563e-05
-0.000411414
-0.000775175
-0.00116017
-0.0015756
-0.00202883
-0.00252148
-0.0030503
-0.00360853
-0.00418464
-0.00475738
-0.00529464
-0.00575451
-0.00610095
-0.00630825
-0.0063659
-0.00628691
-0.00610274
-0.00586215
-0.00561594
-0.00540053
-0.00523242
-0.00511458
-0.00504109
-0.00500465
-0.00499889
-0.00501766
-0.00505491
-0.00510257
-0.00515634
-0.00521369
-0.00527435
-0.00533785
-0.00540397
-0.00547053
-0.00553665
-0.00560466
-0.00566946
-0.00573554
-0.00580058
-0.00586251
-0.00592712
-0.00599055
-0.00605585
-0.00612235
-0.00618829
-0.00625322
-0.00631762
-0.00638377
-0.00644635
-0.00651124
-0.00657685
-0.00664241
-0.00671153
-0.00677603
-0.00684331
-0.00691027
-0.00697271
-0.00704256
-0.00711006
-0.00717642
-0.00724601
-0.00731192
-0.00738018
-0.00744812
-0.00751283
-0.00757948
-0.00764232
-0.00770763
-0.00777012
-0.0078271
-0.00789016
-0.00794696
-0.00799648
-0.00805473
-0.00811124
-0.00815346
-0.00819827
-0.00824984
-0.00829308
-0.00832994
-0.00836893
-0.00840421
-0.00843427
-0.00845992
-0.00847995
0.000924838
0.0015192
0.00215452
0.00263613
0.00288467
0.00289436
0.00271031
0.00240525
0.00204159
0.00165993
0.00128063
0.000913246
0.000560809
0.000220214
-0.000116362
-0.00046056
-0.000819744
-0.00119836
-0.00160444
-0.00204557
-0.00252289
-0.00303239
-0.00356715
-0.00411621
-0.00466018
-0.00517087
-0.00561133
-0.00594988
-0.00616367
-0.00624181
-0.00619213
-0.00603894
-0.00582417
-0.00559567
-0.00539031
-0.00522656
-0.00511035
-0.00503738
-0.0050012
-0.00499556
-0.00501427
-0.00505119
-0.00509836
-0.0051517
-0.00520879
-0.00526963
-0.00533296
-0.00539898
-0.00546572
-0.0055317
-0.00559974
-0.00566443
-0.00573016
-0.00579507
-0.00585701
-0.00592189
-0.00598562
-0.00605134
-0.0061182
-0.00618407
-0.00624906
-0.00631348
-0.00637958
-0.00644242
-0.00650769
-0.00657367
-0.00663933
-0.00670842
-0.006773
-0.00684019
-0.00690716
-0.00696991
-0.00703975
-0.0071073
-0.00717372
-0.00724335
-0.00730922
-0.00737737
-0.00744538
-0.00751015
-0.0075768
-0.00763965
-0.00770477
-0.00776739
-0.00782453
-0.00788736
-0.00794438
-0.00799428
-0.00805205
-0.00810853
-0.00815136
-0.00819625
-0.0082475
-0.00829098
-0.00832825
-0.00836722
-0.00840266
-0.00843297
-0.00845931
-0.00847949
0.000711546
0.00130871
0.00196465
0.00248182
0.00277393
0.00282762
0.00267604
0.00238474
0.00202004
0.00162887
0.00123817
0.00086188
0.000504406
0.000162516
-0.000172529
-0.000512422
-0.00086571
-0.00123696
-0.00163285
-0.00206068
-0.00252159
-0.00301116
-0.00352248
-0.00404504
-0.00456105
-0.00504621
-0.0054677
-0.00579765
-0.00601615
-0.0061123
-0.00609011
-0.00596783
-0.00578038
-0.00557159
-0.0053782
-0.00521994
-0.00510567
-0.00503318
-0.00499696
-0.00499121
-0.00500987
-0.00504652
-0.00509329
-0.0051464
-0.00520332
-0.00526439
-0.00532771
-0.00539363
-0.00546056
-0.00552642
-0.0055945
-0.00565911
-0.0057244
-0.00578916
-0.00585113
-0.00591634
-0.00598036
-0.00604642
-0.00611373
-0.00617964
-0.00624461
-0.00630899
-0.0063751
-0.00643821
-0.00650388
-0.00657028
-0.00663601
-0.00670505
-0.00676975
-0.00683683
-0.00690379
-0.00696687
-0.00703676
-0.00710436
-0.0071708
-0.00724048
-0.00730633
-0.00737436
-0.00744244
-0.00750728
-0.0075739
-0.00763679
-0.0077017
-0.00776445
-0.00782179
-0.00788436
-0.00794158
-0.00799195
-0.0080492
-0.0081056
-0.00814912
-0.0081941
-0.00824498
-0.00828871
-0.00832645
-0.00836538
-0.00840098
-0.00843157
-0.00845858
-0.00847899
0.000498558
0.00110035
0.00177545
0.00232351
0.00265393
0.00274766
0.00262914
0.00235616
0.00199525
0.0015981
0.00119707
0.000811097
0.000447111
0.000102742
-0.000231243
-0.000566811
-0.000913231
-0.00127595
-0.0016608
-0.0020743
-0.00251777
-0.00298677
-0.00347456
-0.00397133
-0.0044606
-0.00492114
-0.00532395
-0.00564477
-0.00586639
-0.00597824
-0.00598148
-0.00588937
-0.00573026
-0.00554303
-0.00536341
-0.0052122
-0.00510048
-0.00502845
-0.00499203
-0.00498593
-0.00500439
-0.00504086
-0.00508734
-0.00514034
-0.00519723
-0.00525861
-0.00532199
-0.00538786
-0.00545509
-0.00552078
-0.00558879
-0.00565339
-0.0057182
-0.00578278
-0.00584481
-0.00591038
-0.00597477
-0.00604113
-0.0061089
-0.00617492
-0.00623988
-0.00630416
-0.00637024
-0.00643366
-0.00649977
-0.00656664
-0.00663246
-0.00670139
-0.00676626
-0.00683328
-0.00690018
-0.00696356
-0.00703352
-0.00710122
-0.00716766
-0.00723738
-0.00730322
-0.00737111
-0.0074393
-0.00750421
-0.00757079
-0.00763374
-0.00769842
-0.00776127
-0.00781887
-0.00788114
-0.00793857
-0.00798946
-0.00804615
-0.00810241
-0.00814673
-0.00819181
-0.00824227
-0.00828626
-0.00832453
-0.00836342
-0.00839917
-0.00843008
-0.00845774
-0.00847842
0.000287286
0.000894341
0.00158681
0.00216187
0.00252591
0.00265567
0.00256928
0.00231766
0.00196468
0.00156542
0.00115649
0.000761213
0.000389717
4.16441e-05
-0.000291886
-0.000623295
-0.000962418
-0.00131548
-0.00168826
-0.00208663
-0.00251186
-0.00295968
-0.00342371
-0.0038954
-0.00435922
-0.00479592
-0.00518032
-0.00549166
-0.00571505
-0.00584047
-0.00586702
-0.00580376
-0.00567335
-0.00550921
-0.00534515
-0.00520274
-0.00509471
-0.00502333
-0.0049866
-0.00497995
-0.0049979
-0.00503411
-0.00508037
-0.0051333
-0.0051903
-0.00525215
-0.00531573
-0.00538159
-0.00544923
-0.00551483
-0.00558265
-0.00564725
-0.00571163
-0.005776
-0.00583805
-0.00590399
-0.00596881
-0.00603547
-0.00610363
-0.0061698
-0.00623483
-0.00629901
-0.00636501
-0.00642877
-0.00649534
-0.00656273
-0.0066287
-0.00669745
-0.00676243
-0.00682947
-0.00689635
-0.00695997
-0.00703001
-0.00709786
-0.00716431
-0.00723406
-0.00729989
-0.0073676
-0.00743592
-0.00750094
-0.00756744
-0.00763048
-0.00769491
-0.00775784
-0.00781574
-0.00787769
-0.00793533
-0.00798681
-0.0080429
-0.00809896
-0.00814419
-0.00818939
-0.00823934
-0.00828362
-0.00832249
-0.00836133
-0.00839723
-0.00842849
-0.00845676
-0.00847776
7.83568e-05
0.0006905
0.00139846
0.00199729
0.00239107
0.00255335
0.00249742
0.00226846
0.00192688
0.00152917
0.00111534
0.000712104
0.00033295
-1.97435e-05
-0.000353587
-0.000681059
-0.00101282
-0.00135551
-0.00171503
-0.00209751
-0.00250404
-0.00293023
-0.00337024
-0.00381736
-0.00425684
-0.00467057
-0.00503701
-0.00533878
-0.0055628
-0.00569975
-0.00574737
-0.00571115
-0.0056091
-0.00546933
-0.0053227
-0.00519078
-0.00508793
-0.00501792
-0.00498066
-0.00497317
-0.0049903
-0.00502604
-0.00507214
-0.00512518
-0.00518241
-0.00524488
-0.00530892
-0.0053748
-0.00544288
-0.00550852
-0.00557607
-0.00564062
-0.00570458
-0.00576872
-0.00583076
-0.00589701
-0.00596235
-0.00602943
-0.006098
-0.00616427
-0.00622942
-0.00629356
-0.00635941
-0.00642349
-0.00649055
-0.00655846
-0.00662465
-0.00669328
-0.0067583
-0.00682533
-0.00689231
-0.00695616
-0.00702618
-0.00709423
-0.00716075
-0.0072305
-0.00729634
-0.00736382
-0.0074323
-0.00749744
-0.00756386
-0.00762701
-0.00769115
-0.00775415
-0.00781245
-0.007874
-0.00793185
-0.007984
-0.00803944
-0.00809524
-0.00814148
-0.00818682
-0.0082362
-0.0082808
-0.00832032
-0.00835908
-0.00839513
-0.00842678
-0.00845563
-0.008477
-0.000128814
0.00048795
0.00120986
0.00182994
0.0022502
0.00244179
0.00241425
0.00220817
0.0018805
0.00148759
0.00107192
0.000662943
0.000277062
-8.06248e-05
-0.000415574
-0.000739518
-0.00106393
-0.00139602
-0.00174133
-0.00210699
-0.00249459
-0.00289896
-0.00331473
-0.00373736
-0.00415334
-0.00454538
-0.00489463
-0.00518678
-0.0054104
-0.00555681
-0.00562319
-0.00561212
-0.0055375
-0.00542286
-0.0052955
-0.00517564
-0.0050793
-0.00501183
-0.00497417
-0.00496558
-0.00498179
-0.00501683
-0.00506264
-0.00511587
-0.00517343
-0.00523659
-0.00530136
-0.00536738
-0.005436
-0.00550184
-0.00556902
-0.0056335
-0.00569694
-0.00576084
-0.00582301
-0.00588955
-0.00595545
-0.00602299
-0.00609203
-0.00615838
-0.00622343
-0.00628764
-0.00635348
-0.0064178
-0.00648541
-0.00655388
-0.00662028
-0.00668889
-0.00675393
-0.00682079
-0.00688793
-0.00695213
-0.0070221
-0.00709027
-0.0071569
-0.00722673
-0.00729254
-0.00735976
-0.00742842
-0.00749369
-0.00756002
-0.00762333
-0.00768712
-0.00775014
-0.00780897
-0.00787008
-0.00792808
-0.007981
-0.00803576
-0.00809124
-0.00813861
-0.00818411
-0.0082328
-0.00827776
-0.00831803
-0.00835669
-0.00839286
-0.00842496
-0.00845437
-0.00847611
-0.000334638
0.000286187
0.00102075
0.00165996
0.00210392
0.00232189
0.00232053
0.00213698
0.00182485
0.0014396
0.00102499
0.000612776
0.00022178
-0.000140528
-0.000477021
-0.000798001
-0.0011152
-0.0014365
-0.00176721
-0.0021152
-0.00248349
-0.00286636
-0.00325786
-0.00365583
-0.00404907
-0.00442093
-0.00475398
-0.00503622
-0.00525824
-0.00541228
-0.00549519
-0.00550741
-0.00545899
-0.00536934
-0.00526252
-0.00515654
-0.0050681
-0.00500458
-0.00496738
-0.00495756
-0.00497252
-0.00500658
-0.00505182
-0.00510517
-0.00516328
-0.00522721
-0.00529295
-0.0053593
-0.00542848
-0.00549468
-0.00556149
-0.00562589
-0.00568878
-0.00575233
-0.0058148
-0.00588165
-0.005948
-0.00601602
-0.00608555
-0.00615209
-0.00621696
-0.00628119
-0.00634722
-0.00641183
-0.00647992
-0.00654899
-0.00661554
-0.0066841
-0.00674929
-0.00681592
-0.00688314
-0.00694783
-0.00701782
-0.00708603
-0.0071527
-0.00722267
-0.00728853
-0.00735545
-0.00742427
-0.00748966
-0.00755588
-0.00761945
-0.00768283
-0.0077458
-0.00780526
-0.00786593
-0.00792402
-0.00797781
-0.00803184
-0.00808691
-0.00813557
-0.00818126
-0.00822915
-0.0082745
-0.00831559
-0.00835414
-0.00839039
-0.008423
-0.00845295
-0.00847508
-0.000539383
8.51269e-05
0.000831217
0.0014878
0.00195316
0.00219504
0.00221771
0.00205586
0.00176003
0.0013844
0.00097347
0.00056051
0.000166521
-0.000199135
-0.000537039
-0.000855482
-0.00116585
-0.00147629
-0.00179245
-0.00212252
-0.00247088
-0.00283266
-0.0032004
-0.00357353
-0.00394449
-0.00429735
-0.00461513
-0.00488727
-0.0051067
-0.0052669
-0.00536417
-0.00539754
-0.00537389
-0.00530857
-0.005223
-0.00513288
-0.00505391
-0.00499543
-0.00495986
-0.00494911
-0.00496238
-0.00499524
-0.00503973
-0.00509302
-0.00515184
-0.00521654
-0.00528342
-0.00535042
-0.00542022
-0.005487
-0.00555349
-0.00561775
-0.00568013
-0.00574313
-0.00580591
-0.00587316
-0.00594
-0.00600854
-0.00607865
-0.00614548
-0.00621013
-0.0062742
-0.00634043
-0.0064055
-0.00647401
-0.00654368
-0.00661043
-0.00667894
-0.0067444
-0.00681084
-0.006878
-0.00694313
-0.00701325
-0.00708155
-0.00714816
-0.00721829
-0.00728428
-0.00735085
-0.00741982
-0.00748534
-0.00755142
-0.00761533
-0.00767831
-0.00774116
-0.0078013
-0.00786152
-0.00791967
-0.00797441
-0.00802768
-0.00808226
-0.00813234
-0.00817827
-0.00822524
-0.00827101
-0.008313
-0.00835143
-0.00838772
-0.00842086
-0.00845138
-0.0084739
-0.000742882
-0.000114864
0.000641617
0.00131394
0.00179875
0.00206233
0.00210695
0.00196542
0.00168607
0.00132156
0.000916607
0.000505277
0.000110529
-0.000256661
-0.000595318
-0.000911239
-0.00121513
-0.00151507
-0.00181668
-0.00212894
-0.00245709
-0.00279789
-0.00314294
-0.00349155
-0.00384014
-0.00417474
-0.00447819
-0.00474044
-0.00495652
-0.00512151
-0.00523107
-0.00528329
-0.00528294
-0.00524111
-0.00517662
-0.00510373
-0.0050361
-0.00498372
-0.00495095
-0.0049403
-0.00495171
-0.00498289
-0.00502655
-0.00507945
-0.00513886
-0.00520452
-0.0052727
-0.00534063
-0.00541115
-0.00547873
-0.00554486
-0.00560884
-0.00567086
-0.00573328
-0.00579642
-0.00586422
-0.00593162
-0.00600059
-0.00607116
-0.00613836
-0.00620282
-0.00626664
-0.00633298
-0.00639878
-0.00646789
-0.00653801
-0.00660502
-0.00667339
-0.00673898
-0.00680543
-0.00687258
-0.00693801
-0.0070083
-0.00707685
-0.00714337
-0.00721351
-0.00727976
-0.007346
-0.00741504
-0.0074807
-0.00754664
-0.00761097
-0.0076735
-0.00773616
-0.00779709
-0.00785683
-0.007915
-0.0079708
-0.00802329
-0.00807726
-0.00812892
-0.00817511
-0.00822104
-0.00826728
-0.00831024
-0.00834854
-0.00838482
-0.00841855
-0.00844964
-0.00847255
-0.000944977
-0.00031354
0.000452302
0.00113878
0.00164127
0.00192462
0.00198933
0.00186657
0.00160335
0.00125103
0.000853948
0.000446536
5.30715e-05
-0.000313777
-0.000651902
-0.000964912
-0.00126232
-0.00155237
-0.00183979
-0.00213441
-0.00244272
-0.00276246
-0.00308568
-0.00341081
-0.00373693
-0.00405344
-0.00434355
-0.00459647
-0.00480858
-0.0049769
-0.00509682
-0.00516559
-0.00518654
-0.00516727
-0.00512332
-0.00506823
-0.00501389
-0.00496906
-0.00493988
-0.00493048
-0.00494067
-0.0049696
-0.00501218
-0.00506474
-0.00512441
-0.00519112
-0.00526082
-0.00532974
-0.00540105
-0.00546958
-0.0055355
-0.00559921
-0.00566105
-0.00572292
-0.00578627
-0.0058547
-0.00592274
-0.00599205
-0.00606301
-0.00613061
-0.00619502
-0.00625875
-0.00632503
-0.00639149
-0.00646145
-0.00653198
-0.00659908
-0.00666739
-0.00673313
-0.00679965
-0.00686699
-0.00693266
-0.00700285
-0.0070717
-0.00713836
-0.00720843
-0.00727484
-0.00734085
-0.00740997
-0.00747572
-0.00754153
-0.00760633
-0.00766836
-0.0077308
-0.00779268
-0.0078519
-0.00790997
-0.00796694
-0.00801862
-0.0080719
-0.00812529
-0.0081718
-0.00821654
-0.0082633
-0.00830734
-0.00834545
-0.0083817
-0.00841607
-0.00844771
-0.00847099
-0.00114531
-0.000510532
0.000263781
0.000962863
0.00148134
0.00178281
0.00186597
0.00176055
0.00151267
0.00117292
0.00078521
0.000383856
-6.38873e-06
-0.000371183
-0.000707053
-0.00101645
-0.00130707
-0.00158748
-0.00186156
-0.00213874
-0.00242771
-0.00272679
-0.00302877
-0.00333192
-0.00363609
-0.00393417
-0.00421148
-0.00445577
-0.00466344
-0.00483361
-0.00496199
-0.00504517
-0.00508534
-0.00508744
-0.00506351
-0.00502616
-0.00498638
-0.00495101
-0.00492631
-0.00491884
-0.00492899
-0.00495582
-0.0049966
-0.00504887
-0.00510876
-0.00517609
-0.00524741
-0.00531761
-0.00538971
-0.00545946
-0.00552546
-0.00558879
-0.00565054
-0.00571203
-0.00577549
-0.00584452
-0.00591333
-0.00598294
-0.00605419
-0.00612233
-0.00618672
-0.00625043
-0.00631662
-0.00638349
-0.00645433
-0.00652562
-0.00659295
-0.0066611
-0.00672688
-0.00679335
-0.00686086
-0.00692697
-0.00699706
-0.00706609
-0.00713308
-0.00720317
-0.00726962
-0.00733521
-0.00740452
-0.00747046
-0.00753611
-0.00760145
-0.00766288
-0.00772508
-0.00778802
-0.00784668
-0.00790458
-0.00796282
-0.0080137
-0.00806619
-0.0081214
-0.00816834
-0.00821178
-0.00825907
-0.00830426
-0.00834211
-0.00837833
-0.00841341
-0.00844557
-0.0084692
-0.00134342
-0.000705371
7.6536e-05
0.000786762
0.00131946
0.0016375
0.00173773
0.00164838
0.00141501
0.00108766
0.000710424
0.000316952
-6.81554e-05
-0.000429167
-0.000761222
-0.00106588
-0.00134917
-0.00161975
-0.00188151
-0.00214203
-0.00241191
-0.00269135
-0.00297299
-0.00325534
-0.00353853
-0.00381781
-0.00408222
-0.00431859
-0.00452149
-0.004692
-0.00482708
-0.00492288
-0.00498043
-0.00500242
-0.00499787
-0.00497775
-0.00495276
-0.00492856
-0.00490981
-0.00490472
-0.00491592
-0.00494175
-0.00498015
-0.00503148
-0.00509197
-0.0051597
-0.00523243
-0.00530442
-0.00537723
-0.0054481
-0.00551453
-0.00557741
-0.0056391
-0.0057005
-0.00576411
-0.00583366
-0.00590334
-0.00597347
-0.00604486
-0.00611328
-0.00617783
-0.00624149
-0.00630766
-0.00637514
-0.00644673
-0.00651868
-0.00658645
-0.00665444
-0.00672007
-0.00678651
-0.00685431
-0.00692101
-0.00699109
-0.00706004
-0.00712727
-0.00719758
-0.00726415
-0.00732919
-0.00739869
-0.00746493
-0.00753039
-0.00759621
-0.00765701
-0.00771892
-0.00778311
-0.0078412
-0.00789888
-0.00795844
-0.00800845
-0.00806014
-0.00811728
-0.00816465
-0.00820667
-0.0082546
-0.00830101
-0.00833853
-0.00837475
-0.0084106
-0.0084432
-0.00846713
-0.00153944
-0.000898003
-0.000109247
0.000610925
0.00115632
0.00148944
0.00160566
0.00153126
0.00131158
0.000996329
0.000629934
0.000245742
-0.000132508
-0.000488196
-0.000815127
-0.00111384
-0.00138906
-0.00164949
-0.00189954
-0.00214469
-0.00239584
-0.00265632
-0.00291886
-0.00318125
-0.00344458
-0.00370546
-0.00395627
-0.00418485
-0.00438327
-0.00455315
-0.00469339
-0.00480007
-0.00487286
-0.00491273
-0.00492653
-0.00492328
-0.00491288
-0.00490094
-0.00489008
-0.00488797
-0.00490054
-0.00492663
-0.00496315
-0.00501286
-0.00507388
-0.00514238
-0.00521612
-0.00528991
-0.00536354
-0.00543503
-0.00550228
-0.00556505
-0.00562653
-0.00568836
-0.00575234
-0.00582233
-0.00589285
-0.00596338
-0.00603488
-0.00610339
-0.0061681
-0.00623207
-0.00629833
-0.00636639
-0.00643856
-0.0065109
-0.00657948
-0.00664763
-0.00671301
-0.00677934
-0.00684716
-0.00691437
-0.00698477
-0.00705374
-0.00712095
-0.00719166
-0.00725849
-0.00732283
-0.00739241
-0.00745894
-0.00752433
-0.00759072
-0.00765082
-0.00771232
-0.00777789
-0.00783548
-0.0078928
-0.00795377
-0.00800294
-0.00805371
-0.00811286
-0.00816076
-0.00820125
-0.00824986
-0.0082976
-0.00833467
-0.00837091
-0.00840762
-0.00844059
-0.00846476
-0.00173291
-0.00108793
-0.000292919
0.000436083
0.000992799
0.00133939
0.00147051
0.00141017
0.00120335
0.000899877
0.000544141
0.000170103
-0.000199661
-0.000548554
-0.000868938
-0.00116061
-0.0014271
-0.00167698
-0.00191535
-0.00214636
-0.00237969
-0.00262153
-0.00286633
-0.00311007
-0.00335455
-0.0035981
-0.00383472
-0.00405496
-0.00424949
-0.00441811
-0.00456168
-0.00467717
-0.00476315
-0.00481912
-0.0048502
-0.00486326
-0.00486706
-0.00486757
-0.00486613
-0.00486837
-0.00488233
-0.00490959
-0.00494573
-0.0049936
-0.00505429
-0.00512393
-0.00519859
-0.00527381
-0.00534859
-0.00542041
-0.00548847
-0.0055517
-0.00561299
-0.00567555
-0.00574012
-0.00581033
-0.00588167
-0.00595246
-0.00602419
-0.0060931
-0.00615783
-0.00622201
-0.00628834
-0.00635702
-0.00643003
-0.00650255
-0.00657189
-0.00664055
-0.00670561
-0.00677163
-0.00683949
-0.00690702
-0.00697792
-0.00704749
-0.00711442
-0.00718503
-0.0072524
-0.00731621
-0.00738574
-0.00745261
-0.00751799
-0.007585
-0.00764429
-0.00770518
-0.00777226
-0.00782953
-0.00788642
-0.00794874
-0.0079971
-0.00804695
-0.0081082
-0.00815666
-0.00819546
-0.00824483
-0.00829398
-0.00833052
-0.00836682
-0.00840446
-0.0084377
-0.00846208
-0.00192351
-0.00127491
-0.000474053
0.000262656
0.00082945
0.00118805
0.00133289
0.00128607
0.00109143
0.000799432
0.000454177
9.05703e-05
-0.000269428
-0.000610245
-0.000922897
-0.00120665
-0.0014641
-0.00170278
-0.0019293
-0.00214715
-0.00236399
-0.00258775
-0.00281539
-0.00304213
-0.00326877
-0.00349604
-0.00371859
-0.00392931
-0.0041201
-0.00428726
-0.00443257
-0.00455479
-0.00465229
-0.00472292
-0.00476975
-0.00479817
-0.00481573
-0.00482846
-0.00483708
-0.00484529
-0.00486123
-0.00488992
-0.00492726
-0.00497404
-0.00503342
-0.00510396
-0.00518028
-0.00525655
-0.00533217
-0.00540451
-0.00547308
-0.00553696
-0.00559838
-0.00566161
-0.00572716
-0.00579768
-0.00586999
-0.00594116
-0.00601291
-0.00608227
-0.00614679
-0.00621101
-0.00627773
-0.00634718
-0.00642103
-0.00649374
-0.00656345
-0.00663272
-0.00669806
-0.00676373
-0.00683149
-0.00689918
-0.00697031
-0.00704074
-0.00710767
-0.00717796
-0.00724578
-0.00730932
-0.00737882
-0.00744589
-0.00751118
-0.00757894
-0.00763747
-0.00769757
-0.00776627
-0.00782332
-0.00787972
-0.00794345
-0.00799089
-0.0080398
-0.00810327
-0.0081523
-0.00818934
-0.00823962
-0.00829015
-0.00832596
-0.00836244
-0.00840113
-0.00843458
-0.00845908
-0.00211098
-0.0014587
-0.000652173
9.15166e-05
0.000667191
0.00103663
0.00119384
0.00115999
0.000976944
0.000695807
0.000360913
7.57213e-06
-0.000341845
-0.000673414
-0.000977387
-0.00125233
-0.00150044
-0.00172768
-0.00194181
-0.00214712
-0.00234869
-0.00255516
-0.00276597
-0.00297724
-0.00318795
-0.00339937
-0.00360837
-0.00380885
-0.00399513
-0.00416125
-0.00430755
-0.00443445
-0.00454144
-0.00462526
-0.00468616
-0.00472854
-0.00475915
-0.00478385
-0.00480258
-0.00481813
-0.0048373
-0.00486721
-0.00490653
-0.00495378
-0.00501214
-0.00508256
-0.00516097
-0.00523871
-0.00531419
-0.00538717
-0.00545608
-0.00552033
-0.00558231
-0.00564659
-0.00571351
-0.00578455
-0.00585803
-0.00592946
-0.00600053
-0.00607043
-0.00613526
-0.00619943
-0.00626659
-0.00633682
-0.00641145
-0.00648442
-0.00655435
-0.00662422
-0.00669022
-0.00675568
-0.00682298
-0.00689076
-0.00696204
-0.00703336
-0.00710077
-0.00717083
-0.00723868
-0.00730189
-0.0073715
-0.00743876
-0.00750395
-0.00757253
-0.00763045
-0.00768963
-0.00775978
-0.00781686
-0.00787273
-0.00793773
-0.0079844
-0.00803232
-0.00809803
-0.00814766
-0.00818288
-0.00823413
-0.00828616
-0.00832114
-0.00835774
-0.00839754
-0.00843117
-0.00845575
-0.00229506
-0.00163909
-0.000827012
-7.67256e-05
0.000506837
0.000886058
0.00105445
0.0010327
0.000861001
0.000590036
0.000265329
-7.80165e-05
-0.000416707
-0.000738005
-0.00103255
-0.00129799
-0.00153636
-0.00175224
-0.00195369
-0.00214648
-0.00233399
-0.0025243
-0.00271904
-0.0029154
-0.00311187
-0.00330835
-0.00350447
-0.00369506
-0.00387557
-0.00404044
-0.00418739
-0.00431707
-0.00443116
-0.00452674
-0.00460024
-0.00465516
-0.00469801
-0.00473414
-0.00476283
-0.00478603
-0.00480993
-0.00484147
-0.00488296
-0.00493239
-0.00499091
-0.00506039
-0.00513987
-0.00521998
-0.00529522
-0.00536785
-0.00543736
-0.00550217
-0.00556506
-0.00563084
-0.00569931
-0.00577058
-0.00584493
-0.00591718
-0.00598756
-0.00605788
-0.00612343
-0.00618739
-0.00625473
-0.00632567
-0.00640101
-0.00647461
-0.00654482
-0.0066149
-0.00668167
-0.00674744
-0.00681437
-0.00688201
-0.00695323
-0.00702536
-0.00709337
-0.00716344
-0.00723122
-0.00729381
-0.00736379
-0.00743147
-0.00749636
-0.00756556
-0.00762304
-0.00768147
-0.0077529
-0.0078101
-0.00786547
-0.00793155
-0.00797751
-0.00802465
-0.00809252
-0.00814267
-0.00817619
-0.00822836
-0.00828181
-0.0083161
-0.00835286
-0.00839363
-0.00842741
-0.00845206
-0.00247517
-0.00181551
-0.00099806
-0.000241495
0.000349211
0.000737073
0.000915558
0.000904687
0.000744032
0.000482887
0.000168025
-0.000165338
-0.000493457
-0.000803807
-0.00108843
-0.00134391
-0.00157213
-0.00177681
-0.00196568
-0.00214588
-0.0023206
-0.00249584
-0.00267518
-0.00285683
-0.00303999
-0.00322358
-0.00340721
-0.00358839
-0.00376189
-0.00392439
-0.00407219
-0.00420398
-0.00432293
-0.00442801
-0.00451338
-0.00457945
-0.00463316
-0.00467949
-0.00471798
-0.00474892
-0.00477838
-0.00481305
-0.00485649
-0.00490892
-0.00496913
-0.00503814
-0.00511746
-0.00519987
-0.00527575
-0.00534668
-0.0054169
-0.00548312
-0.00554656
-0.00561344
-0.00568372
-0.00575591
-0.00583097
-0.00590454
-0.00597452
-0.00604431
-0.00611068
-0.00617487
-0.00624243
-0.006314
-0.00638965
-0.00646414
-0.00653486
-0.00660509
-0.00667257
-0.00673843
-0.00680558
-0.00687322
-0.00694398
-0.00701677
-0.00708514
-0.00715551
-0.00722378
-0.00728549
-0.00735544
-0.00742366
-0.00748838
-0.00755827
-0.00761539
-0.00767303
-0.00774571
-0.00780302
-0.00785782
-0.00792483
-0.00797031
-0.00801691
-0.00808668
-0.00813715
-0.00816922
-0.00822245
-0.00827714
-0.00831069
-0.00834769
-0.00838946
-0.00842334
-0.00844803
-0.00265091
-0.00198763
-0.00116484
-0.000402196
0.000195166
0.00059071
0.000778216
0.000777219
0.000627025
0.000375644
6.99791e-05
-0.00025365
-0.000571568
-0.000870761
-0.00114492
-0.0013902
-0.00160798
-0.00180188
-0.00197857
-0.00214613
-0.00230844
-0.00246975
-0.00263455
-0.0028025
-0.00297281
-0.00314509
-0.00331692
-0.00348829
-0.00365502
-0.00381406
-0.00396252
-0.00409623
-0.00421826
-0.0043301
-0.00442614
-0.00450263
-0.00456563
-0.00462066
-0.00466827
-0.00470746
-0.00474234
-0.00478118
-0.00482725
-0.00488299
-0.00494627
-0.00501586
-0.00509438
-0.00517756
-0.00525549
-0.0053249
-0.00539432
-0.0054626
-0.00552678
-0.00559451
-0.00566707
-0.00574123
-0.00581653
-0.00589058
-0.0059608
-0.00602971
-0.00609718
-0.00616239
-0.00623
-0.00630187
-0.00637724
-0.00645281
-0.0065243
-0.00659456
-0.00666316
-0.00672892
-0.00679642
-0.00686441
-0.00693417
-0.00700754
-0.00707637
-0.00714682
-0.0072162
-0.00727719
-0.00734628
-0.00741532
-0.00748039
-0.00755065
-0.00760736
-0.00766419
-0.00773799
-0.00779576
-0.00785013
-0.00791758
-0.00796254
-0.00800908
-0.00808068
-0.00813125
-0.00816197
-0.00821621
-0.00827211
-0.00830514
-0.00834233
-0.00838483
-0.00841882
-0.00844369
-0.00282165
-0.00215507
-0.00132721
-0.000558702
4.49054e-05
0.000447429
0.000643008
0.000651215
0.000510925
0.000269337
-2.74617e-05
-0.000342029
-0.000650306
-0.000938792
-0.00120208
-0.00143718
-0.00164443
-0.00182778
-0.00199265
-0.00214761
-0.00229783
-0.00244667
-0.00259793
-0.00275286
-0.00291071
-0.00307209
-0.00323376
-0.00339539
-0.0035558
-0.00371052
-0.00385826
-0.00399401
-0.0041182
-0.00423462
-0.00433921
-0.00442558
-0.00449656
-0.00455877
-0.00461406
-0.0046613
-0.00470207
-0.00474549
-0.00479576
-0.00485478
-0.00492176
-0.00499312
-0.00507129
-0.00515388
-0.005233
-0.00530267
-0.0053701
-0.00543998
-0.00550685
-0.00557521
-0.0056493
-0.00572567
-0.00580075
-0.00587484
-0.00594631
-0.00601484
-0.00608365
-0.00614981
-0.00621676
-0.00628907
-0.00636395
-0.00644046
-0.00651339
-0.00658376
-0.00665353
-0.00671908
-0.00678628
-0.00685526
-0.00692456
-0.00699792
-0.00706703
-0.0071374
-0.00720798
-0.00726899
-0.00733674
-0.00740605
-0.00747228
-0.00754296
-0.00759877
-0.00765495
-0.00772997
-0.00778822
-0.00784229
-0.00790988
-0.00795425
-0.00800128
-0.00807446
-0.00812476
-0.00815465
-0.00820998
-0.00826664
-0.00829919
-0.00833679
-0.00837997
-0.00841394
-0.0084389
-0.00298659
-0.00231698
-0.00148427
-0.000710086
-0.000100377
0.000308483
0.000511265
0.000527659
0.000396397
0.000164164
-0.000123722
-0.000429854
-0.000729085
-0.00100769
-0.00126013
-0.0014849
-0.00168168
-0.00185435
-0.00200817
-0.00215103
-0.00228944
-0.00242653
-0.0025654
-0.00270786
-0.00285422
-0.00300504
-0.00315775
-0.00331049
-0.00346394
-0.00361424
-0.0037601
-0.0038977
-0.00402397
-0.00414322
-0.00425409
-0.00434898
-0.00442676
-0.00449453
-0.00455609
-0.00461081
-0.00465852
-0.00470647
-0.00476168
-0.00482455
-0.00489518
-0.00496993
-0.00504776
-0.00512885
-0.00520816
-0.00527906
-0.00534575
-0.0054157
-0.00548612
-0.00555601
-0.00562978
-0.00570827
-0.0057848
-0.0058584
-0.0059306
-0.00599984
-0.00606954
-0.00613665
-0.00620322
-0.00627574
-0.00635062
-0.00642732
-0.00650128
-0.00657239
-0.00664338
-0.0067091
-0.00677579
-0.00684539
-0.00691484
-0.00698817
-0.00705728
-0.00712753
-0.00719903
-0.00726045
-0.00732728
-0.00739634
-0.00746373
-0.00753525
-0.00759006
-0.00764529
-0.00772125
-0.00778034
-0.00783444
-0.00790165
-0.00794554
-0.00799362
-0.00806792
-0.0081176
-0.00814717
-0.00820353
-0.00826073
-0.00829303
-0.00833112
-0.00837478
-0.00840864
-0.0084338
-0.00314511
-0.00247296
-0.00163587
-0.000856259
-0.000240626
0.000174403
0.000383726
0.000407525
0.0002843
6.08068e-05
-0.000218303
-0.000516233
-0.00080727
-0.00107694
-0.00131913
-0.00153324
-0.00171971
-0.00188201
-0.00202563
-0.00215722
-0.00228385
-0.00240966
-0.00253705
-0.00266812
-0.00280369
-0.00294434
-0.00308824
-0.00323311
-0.00337951
-0.00352551
-0.00366893
-0.00380729
-0.00393599
-0.00405716
-0.00417203
-0.00427317
-0.00435721
-0.0044296
-0.00449598
-0.0045568
-0.00461138
-0.00466486
-0.00472474
-0.00479307
-0.0048673
-0.00494493
-0.00502383
-0.00510308
-0.00518166
-0.00525347
-0.00532101
-0.00539077
-0.00546341
-0.00553671
-0.00561032
-0.00568954
-0.0057681
-0.00584124
-0.0059129
-0.00598366
-0.00605557
-0.0061235
-0.00618998
-0.00626222
-0.00633676
-0.00641342
-0.00648779
-0.00656047
-0.00663295
-0.0066989
-0.0067656
-0.00683464
-0.00690396
-0.00697851
-0.00704745
-0.00711712
-0.00718951
-0.00725123
-0.00731764
-0.00738713
-0.00745507
-0.00752663
-0.00758112
-0.00763571
-0.00771187
-0.0077722
-0.00782699
-0.00789313
-0.00793632
-0.00798587
-0.0080609
-0.00810994
-0.00813985
-0.00819695
-0.00825421
-0.00828669
-0.00832531
-0.00836913
-0.00840289
-0.00842836
-0.00329662
-0.00262196
-0.00178106
-0.000996496
-0.000375346
4.55617e-05
0.000261008
0.000291437
0.000175364
-4.02923e-05
-0.000311101
-0.000600831
-0.000884058
-0.00114541
-0.00137836
-0.00158242
-0.00175899
-0.0019115
-0.00204506
-0.00216618
-0.00228148
-0.00239649
-0.002513
-0.00263341
-0.00275862
-0.00288943
-0.0030251
-0.00316313
-0.0033031
-0.00344472
-0.00358615
-0.00372396
-0.00385489
-0.00397754
-0.00409424
-0.00419954
-0.00428846
-0.00436475
-0.00443417
-0.00449979
-0.00456085
-0.00462143
-0.0046866
-0.0047602
-0.00483864
-0.00491856
-0.00499907
-0.00507641
-0.0051535
-0.00522598
-0.00529518
-0.00536626
-0.00543985
-0.00551705
-0.00559171
-0.00566945
-0.00574897
-0.00582315
-0.00589472
-0.00596655
-0.00604164
-0.00611059
-0.00617639
-0.00624811
-0.00632219
-0.00639949
-0.00647389
-0.00654812
-0.00662251
-0.00668775
-0.00675535
-0.006824
-0.00689185
-0.00696875
-0.00703784
-0.00710605
-0.0071798
-0.00724172
-0.00730716
-0.00737792
-0.00744662
-0.00751671
-0.00757173
-0.00762705
-0.00770182
-0.00776339
-0.00781978
-0.00788408
-0.00792701
-0.00797856
-0.00805324
-0.00810168
-0.00813297
-0.00819043
-0.00824705
-0.00828014
-0.00831957
-0.00836314
-0.00839672
-0.0084225
-0.00344126
-0.00276377
-0.00191931
-0.00113024
-0.000504106
-7.77451e-05
0.00014351
0.000179991
7.05263e-05
-0.000138067
-0.000401184
-0.000683273
-0.000958854
-0.00121267
-0.00143747
-0.00163259
-0.00179966
-0.0019428
-0.00206663
-0.002178
-0.00228299
-0.00238749
-0.00249367
-0.00260382
-0.00271953
-0.00284081
-0.00296852
-0.00309992
-0.00323481
-0.00337201
-0.00351114
-0.00364833
-0.00378047
-0.00390518
-0.0040219
-0.00412931
-0.00422116
-0.00430005
-0.00437193
-0.00444139
-0.00450861
-0.00457642
-0.00464803
-0.00472652
-0.00480943
-0.00489125
-0.00497287
-0.00504895
-0.00512376
-0.00519719
-0.00526849
-0.00534202
-0.00541672
-0.00549617
-0.0055732
-0.00564937
-0.00572816
-0.00580424
-0.00587684
-0.00594848
-0.00602615
-0.00609758
-0.00616282
-0.00623433
-0.00630798
-0.00638546
-0.00645956
-0.00653388
-0.00661136
-0.00667737
-0.00674444
-0.00681354
-0.00687997
-0.00695758
-0.00702872
-0.0070955
-0.00716918
-0.00723222
-0.00729603
-0.00736796
-0.0074391
-0.00750685
-0.00756167
-0.00761864
-0.00769104
-0.00775367
-0.00781285
-0.00787499
-0.00791746
-0.00797113
-0.00804492
-0.00809297
-0.00812649
-0.00818367
-0.00823911
-0.00827359
-0.00831382
-0.00835666
-0.00839031
-0.0084168
-0.00357845
-0.00289799
-0.00204989
-0.00125673
-0.000625983
-0.000194806
3.17833e-05
7.37605e-05
-2.95208e-05
-0.000231685
-0.000488082
-0.000763428
-0.00103198
-0.00127873
-0.00149615
-0.00168306
-0.00184153
-0.00197576
-0.00209065
-0.0021927
-0.00228826
-0.00238281
-0.00247923
-0.00257933
-0.00268562
-0.00279825
-0.00291829
-0.00304384
-0.00317418
-0.00330808
-0.00344488
-0.00358187
-0.00371472
-0.00384048
-0.00395651
-0.00406283
-0.00415587
-0.00423632
-0.00431002
-0.00438248
-0.00445528
-0.00453102
-0.00460983
-0.00469291
-0.00477977
-0.00486357
-0.00494466
-0.00501989
-0.00509356
-0.005168
-0.00524146
-0.00531729
-0.00539443
-0.00547504
-0.00555397
-0.00562993
-0.00570649
-0.00578393
-0.0058591
-0.00593033
-0.00600894
-0.00608453
-0.00615048
-0.0062205
-0.00629403
-0.0063708
-0.00644473
-0.00651963
-0.00659933
-0.00666722
-0.00673309
-0.00680269
-0.00686928
-0.00694518
-0.00701863
-0.00708627
-0.00715807
-0.00722233
-0.00728527
-0.00735714
-0.00743179
-0.00749774
-0.00755073
-0.00760999
-0.00768131
-0.00774389
-0.00780497
-0.00786574
-0.00790881
-0.00796411
-0.00803564
-0.00808386
-0.0081205
-0.00817662
-0.00823041
-0.00826694
-0.00830815
-0.00834973
-0.00838328
-0.00841011
-0.00370721
-0.00302416
-0.00217281
-0.00137586
-0.000740679
-0.00030488
-7.38055e-05
-2.70042e-05
-0.000124761
-0.000320839
-0.000571311
-0.000840641
-0.00110288
-0.001343
-0.00155358
-0.00173322
-0.00188391
-0.00201022
-0.00211688
-0.00221037
-0.00229712
-0.00238238
-0.00246939
-0.00256
-0.00265728
-0.00276175
-0.00287459
-0.0029949
-0.00312143
-0.00325329
-0.00338876
-0.00352509
-0.00365811
-0.00378347
-0.00389793
-0.00400132
-0.00409326
-0.00417418
-0.00424915
-0.00432494
-0.00440334
-0.0044869
-0.00457277
-0.00466033
-0.00474995
-0.00483505
-0.00491538
-0.00498975
-0.00506352
-0.00513847
-0.00521421
-0.00529302
-0.00537281
-0.00545458
-0.00553383
-0.00561033
-0.0056851
-0.00576216
-0.0058408
-0.005913
-0.00599132
-0.00607042
-0.00613859
-0.00620711
-0.0062796
-0.00635624
-0.00643034
-0.00650564
-0.00658632
-0.00665654
-0.00672214
-0.00679133
-0.00685922
-0.0069332
-0.00700726
-0.00707723
-0.00714766
-0.00721197
-0.00727518
-0.00734629
-0.00742298
-0.0074893
-0.00754112
-0.00760078
-0.00767114
-0.00773431
-0.00779667
-0.00785641
-0.00790146
-0.00795748
-0.00802519
-0.00807492
-0.00811576
-0.0081697
-0.00822147
-0.00826086
-0.00830278
-0.00834271
-0.00837664
-0.00840456
-0.00382682
-0.00314147
-0.00228719
-0.00148661
-0.000847376
-0.000407354
-0.000172257
-0.000121233
-0.000214377
-0.000405383
-0.000650398
-0.00091425
-0.00117103
-0.00140557
-0.0016102
-0.00178332
-0.001927
-0.00204598
-0.00214502
-0.00223075
-0.00230902
-0.00238543
-0.00246347
-0.00254526
-0.0026339
-0.00273046
-0.00283715
-0.00295299
-0.0030773
-0.00320815
-0.00334313
-0.00347907
-0.00361149
-0.00373493
-0.00384595
-0.00394502
-0.00403346
-0.00411459
-0.00419094
-0.00427016
-0.00435504
-0.00444557
-0.00453813
-0.00462944
-0.00472069
-0.00480614
-0.00488533
-0.00495931
-0.00503391
-0.00511033
-0.00518833
-0.00527013
-0.00535206
-0.00543483
-0.00551368
-0.00558983
-0.00566508
-0.00574138
-0.00582193
-0.0058969
-0.00597364
-0.00605417
-0.00612657
-0.00619491
-0.00626595
-0.00634235
-0.00641637
-0.00649131
-0.00657216
-0.00664479
-0.00671186
-0.00678039
-0.00684866
-0.006922
-0.00699497
-0.00706659
-0.00713815
-0.00720224
-0.00726466
-0.0073351
-0.00741255
-0.00748029
-0.00753332
-0.0075911
-0.00765927
-0.00772494
-0.00778755
-0.00784576
-0.00789499
-0.00795121
-0.0080132
-0.00806528
-0.00811101
-0.00816179
-0.00821155
-0.00825446
-0.00829698
-0.00833481
-0.00836871
-0.00839713
-0.00393696
-0.00324964
-0.00239269
-0.001589
-0.000946267
-0.000502536
-0.000263504
-0.000208637
-0.000298027
-0.000484984
-0.000725239
-0.000984112
-0.00123613
-0.00146614
-0.00166577
-0.00183315
-0.00197063
-0.00208278
-0.00217503
-0.00225336
-0.00232371
-0.00239117
-0.00246022
-0.00253383
-0.00261463
-0.00270452
-0.00280647
-0.00291932
-0.00304239
-0.00317353
-0.00330856
-0.00344393
-0.00357371
-0.00369322
-0.00379935
-0.00389303
-0.00397738
-0.00405776
-0.00413684
-0.00422043
-0.00431252
-0.00440923
-0.00450675
-0.0046002
-0.00469077
-0.00477593
-0.00485429
-0.00492958
-0.00500577
-0.00508455
-0.00516526
-0.00524893
-0.00533267
-0.00541546
-0.00549439
-0.00557057
-0.00564674
-0.00572332
-0.0058037
-0.00588161
-0.0059574
-0.00603794
-0.00611569
-0.00618485
-0.00625413
-0.00632956
-0.00640359
-0.0064788
-0.0065592
-0.0066338
-0.00670277
-0.00677123
-0.0068395
-0.00691204
-0.00698439
-0.00705613
-0.00712929
-0.00719573
-0.00725628
-0.00732455
-0.00740215
-0.0074715
-0.00752897
-0.00758448
-0.00764704
-0.00771566
-0.00777995
-0.00783661
-0.00789039
-0.00794642
-0.00800175
-0.00805683
-0.00810792
-0.00815429
-0.00820214
-0.00824977
-0.00829256
-0.0083275
-0.00836159
-0.00839155
-0.00403705
-0.00334733
-0.00248821
-0.00168251
-0.00103705
-0.000589757
-0.000346924
-0.000288838
-0.000375421
-0.000559076
-0.000795724
-0.0010506
-0.00129886
-0.0015251
-0.00172074
-0.00188376
-0.0020161
-0.00212212
-0.00220774
-0.00227833
-0.00234025
-0.00239857
-0.00245871
-0.00252477
-0.00259902
-0.0026846
-0.0027834
-0.0028956
-0.00301935
-0.00315161
-0.00328665
-0.00341952
-0.00354465
-0.00365742
-0.00375695
-0.00384436
-0.00392496
-0.00400523
-0.00408885
-0.00417895
-0.00427703
-0.00437793
-0.00447692
-0.00457082
-0.00465896
-0.00474343
-0.00482252
-0.00489929
-0.00497873
-0.00505964
-0.00514282
-0.0052268
-0.00531115
-0.00539433
-0.00547305
-0.00555055
-0.00562754
-0.00570569
-0.0057851
-0.00586334
-0.00594091
-0.0060201
-0.0061007
-0.00617355
-0.0062417
-0.00631607
-0.00639071
-0.00646527
-0.00654409
-0.0066199
-0.0066916
-0.00676184
-0.00682963
-0.00690018
-0.00697316
-0.00704418
-0.00711702
-0.00718922
-0.00724999
-0.00731164
-0.00738752
-0.00746105
-0.00752451
-0.0075787
-0.00763423
-0.00770295
-0.00776998
-0.00782851
-0.00788624
-0.00793857
-0.00798787
-0.00804852
-0.00810439
-0.0081453
-0.00819188
-0.00824482
-0.00828761
-0.00831945
-0.00835366
-0.00838441
-0.00412548
-0.00343427
-0.00257356
-0.00176608
-0.00111861
-0.000668937
-0.000423412
-0.000362568
-0.000446512
-0.000627864
-0.000862269
-0.00111487
-0.0013606
-0.00158411
-0.0017773
-0.00193739
-0.00206542
-0.0021656
-0.00224412
-0.00230668
-0.00235949
-0.00240856
-0.00245988
-0.00251893
-0.00258898
-0.00267334
-0.00277355
-0.00288869
-0.00301561
-0.00314922
-0.00328327
-0.00341114
-0.00352784
-0.00363082
-0.00372158
-0.00380379
-0.00388357
-0.00396714
-0.00405757
-0.00415541
-0.00425706
-0.00435862
-0.00445627
-0.00454764
-0.00463369
-0.00471716
-0.00479893
-0.00487898
-0.0049614
-0.00504458
-0.00512779
-0.00521173
-0.00529501
-0.00537793
-0.00545749
-0.00553663
-0.00561601
-0.00569426
-0.00577336
-0.00585045
-0.00592861
-0.00600833
-0.00608814
-0.00616616
-0.00623549
-0.00630634
-0.00638258
-0.00645537
-0.00653191
-0.00661022
-0.00668284
-0.00675603
-0.00682413
-0.00689078
-0.00696498
-0.00703599
-0.00710699
-0.00718354
-0.0072483
-0.0073045
-0.00737228
-0.00745067
-0.00752447
-0.00757602
-0.00762598
-0.00769394
-0.00775841
-0.00782167
-0.00788736
-0.00793213
-0.00797341
-0.00804337
-0.00810394
-0.00813661
-0.00818199
-0.00824111
-0.00828365
-0.0083118
-0.008346
-0.00837739
-0.00419442
-0.00350133
-0.00263831
-0.00182909
-0.00118034
-0.000729593
-0.000482491
-0.000419603
-0.000501848
-0.000682315
-0.000916399
-0.00116862
-0.00141341
-0.00163539
-0.00182664
-0.00198345
-0.00210621
-0.00219845
-0.00226689
-0.00231785
-0.00235894
-0.00239745
-0.00244098
-0.00249599
-0.0025671
-0.0026568
-0.0027645
-0.00288678
-0.00301772
-0.0031512
-0.00328054
-0.00339966
-0.0035047
-0.0035966
-0.00367889
-0.00375878
-0.00384117
-0.00393033
-0.0040286
-0.00413245
-0.00423642
-0.00433577
-0.0044304
-0.00451855
-0.00460369
-0.00468756
-0.00477191
-0.00485721
-0.00494129
-0.00502679
-0.0051097
-0.00519309
-0.00527638
-0.00535764
-0.00544012
-0.0055201
-0.00560205
-0.00568173
-0.00575923
-0.00583724
-0.00591359
-0.0059952
-0.00607423
-0.00615311
-0.00622843
-0.00629556
-0.00637287
-0.00644711
-0.00651931
-0.0066006
-0.00667339
-0.00674769
-0.00681881
-0.00688118
-0.00695549
-0.00702797
-0.00709684
-0.00717515
-0.00724425
-0.00730063
-0.00735854
-0.0074359
-0.00752305
-0.00757464
-0.00761755
-0.00768693
-0.00774719
-0.00781153
-0.0078896
-0.00792847
-0.00795825
-0.00803802
-0.00810568
-0.00812932
-0.00817244
-0.00823828
-0.00828087
-0.00830527
-0.00834009
-0.00837391
-0.00426443
-0.0035724
-0.00271035
-0.00190162
-0.00125303
-0.000802266
-0.000554904
-0.000491619
-0.000573709
-0.0007549
-0.000991096
-0.00124616
-0.00149389
-0.00171792
-0.00190987
-0.00206453
-0.00218156
-0.0022642
-0.00231963
-0.00235575
-0.00238281
-0.00241039
-0.00244732
-0.00250098
-0.00257558
-0.00267232
-0.00278764
-0.00291589
-0.00304891
-0.00318044
-0.00330351
-0.00341385
-0.00350935
-0.00359259
-0.00366956
-0.00374729
-0.00383067
-0.00392202
-0.00402316
-0.00412822
-0.0042317
-0.00432893
-0.00442019
-0.00450608
-0.00458967
-0.00467385
-0.00475866
-0.00484619
-0.00493163
-0.00501743
-0.00510053
-0.00518274
-0.00526663
-0.00534666
-0.00542986
-0.00551136
-0.00559325
-0.00567425
-0.00574992
-0.00582801
-0.0059041
-0.00598505
-0.0060651
-0.00614299
-0.00622163
-0.00628856
-0.00636398
-0.00644059
-0.00651011
-0.00659169
-0.00666623
-0.00673935
-0.00681317
-0.00687399
-0.00694636
-0.00702061
-0.00708822
-0.00716665
-0.00723861
-0.00729646
-0.00734975
-0.00742261
-0.00751719
-0.00757314
-0.00761043
-0.00767955
-0.00773869
-0.00779981
-0.0078858
-0.00792599
-0.00794607
-0.00802767
-0.00810358
-0.00812331
-0.00816154
-0.00823138
-0.00827584
-0.00829712
-0.00833044
-0.00836425
)
;

boundaryField
{
    zeroGradientPlanes
    {
        type            zeroGradient;
    }
    inlet
    {
        type            zeroGradient;
    }
    plate
    {
        type            zeroGradient;
    }
    frontAndBack
    {
        type            empty;
    }
}


// ************************************************************************* //
