/*--------------------------------*- C++ -*----------------------------------*\
| =========                 |                                                 |
| \\      /  F ield         | OpenFOAM: The Open Source CFD Toolbox           |
|  \\    /   O peration     | Version:  v2106                                 |
|   \\  /    A nd           | Website:  www.openfoam.com                      |
|    \\/     M anipulation  |                                                 |
\*---------------------------------------------------------------------------*/
FoamFile
{
    version     2.0;
    format      ascii;
    arch        "LSB;label=32;scalar=64";
    class       volScalarField;
    location    "1.5";
    object      p;
}
// * * * * * * * * * * * * * * * * * * * * * * * * * * * * * * * * * * * * * //

dimensions      [0 2 -2 0 0 0 0];

internalField   nonuniform List<scalar> 
4800
(
9.70173e-11
-1.1411e-05
-5.22133e-05
-0.000139412
-0.000214874
-0.000308363
-0.000383673
-0.000407641
-0.000412036
-0.00042157
-0.000397949
-0.000342237
-0.00023907
-6.39736e-05
0.000149426
0.000419884
0.000774126
0.00128151
0.00195322
0.00262971
1.11495e-05
-1.43814e-05
-5.0299e-05
-0.000141071
-0.00021154
-0.00031107
-0.000379281
-0.000409577
-0.000406776
-0.000422339
-0.000392277
-0.000343958
-0.000233402
-6.70122e-05
0.000152262
0.000413155
0.000784819
0.00123344
0.00174644
0.00225174
1.43336e-05
-1.61707e-05
-4.95585e-05
-0.000141547
-0.000210369
-0.000312237
-0.000377309
-0.000409213
-0.000404732
-0.000421066
-0.000391509
-0.000341131
-0.000233215
-6.78742e-05
0.000148985
0.000395861
0.000729547
0.00111317
0.00155896
0.00197639
2.50082e-05
-1.83793e-05
-4.83626e-05
-0.000141611
-0.000209234
-0.000312159
-0.000376587
-0.000407155
-0.000405817
-0.000409294
-0.000391278
-0.000336037
-0.000229774
-6.67294e-05
0.000137418
0.00036812
0.000668961
0.00100327
0.0013492
0.00171281
3.08616e-05
-1.99465e-05
-4.83899e-05
-0.000140709
-0.000209861
-0.000311101
-0.000377185
-0.000402629
-0.000405879
-0.000405723
-0.000386864
-0.000331123
-0.000228251
-7.09378e-05
0.000119342
0.000327648
0.000587409
0.000831601
0.0011151
0.0014675
4.02347e-05
-2.00046e-05
-4.92497e-05
-0.000138542
-0.000211424
-0.000308527
-0.00037773
-0.000399656
-0.000403515
-0.000400106
-0.00038399
-0.000326369
-0.000228892
-8.0837e-05
9.5122e-05
0.000265904
0.000437872
0.000641423
0.000910865
0.00125248
4.76077e-05
-1.80448e-05
-5.25724e-05
-0.000135303
-0.000213725
-0.000306681
-0.000374696
-0.000398592
-0.000399967
-0.000395803
-0.00038121
-0.000323413
-0.000232804
-9.87951e-05
4.56666e-05
0.000133456
0.0002768
0.000485791
0.000740244
0.00105343
5.60838e-05
-1.33272e-05
-5.56685e-05
-0.000133232
-0.00021398
-0.000305552
-0.000370958
-0.000391103
-0.000396835
-0.000391891
-0.000378239
-0.000324405
-0.00024125
-0.000142946
-7.03515e-05
8.31285e-06
0.000154315
0.000354184
0.000577111
0.000852839
6.14934e-05
-5.75123e-06
-5.64924e-05
-0.000134344
-0.000213635
-0.000302312
-0.000366746
-0.000387074
-0.000393335
-0.000388084
-0.000378369
-0.000334449
-0.000277813
-0.000242145
-0.000170694
-7.96695e-05
4.92009e-05
0.000217246
0.00040547
0.0006485
7.1102e-05
1.46463e-06
-5.43193e-05
-0.000135006
-0.000214884
-0.000296094
-0.000361322
-0.000385021
-0.000390359
-0.000387213
-0.000382702
-0.000366593
-0.000367314
-0.000329534
-0.000239942
-0.000153778
-5.90595e-05
6.99856e-05
0.00022541
0.000440919
7.71175e-05
9.67452e-06
-4.89306e-05
-0.000131707
-0.000216381
-0.00029233
-0.000355852
-0.000381828
-0.000390651
-0.00038875
-0.000415952
-0.000452163
-0.000434765
-0.00038022
-0.000303255
-0.000238185
-0.000177081
-8.72861e-05
3.72604e-05
0.00023029
8.36872e-05
1.90404e-05
-4.14989e-05
-0.00012372
-0.000214142
-0.000292384
-0.000352916
-0.000382209
-0.000396878
-0.000425497
-0.000483833
-0.000505485
-0.000471797
-0.000428587
-0.000377607
-0.000337413
-0.000306573
-0.000252415
-0.00015666
1.71686e-05
8.99008e-05
2.94006e-05
-3.17137e-05
-0.00011057
-0.000205833
-0.000295281
-0.000359772
-0.000390951
-0.000426334
-0.000486263
-0.000530779
-0.000538034
-0.000513314
-0.000487383
-0.000463634
-0.000449474
-0.000445172
-0.000422112
-0.000353418
-0.000195677
9.54558e-05
4.09663e-05
-1.91656e-05
-9.49721e-05
-0.0001897
-0.000297338
-0.000381805
-0.000430276
-0.00047634
-0.000521157
-0.000554625
-0.000572424
-0.000564797
-0.000557003
-0.000558562
-0.000570819
-0.000591472
-0.000595849
-0.000550461
-0.000406154
0.000104994
5.09441e-05
-3.46097e-06
-7.89246e-05
-0.000176228
-0.00029899
-0.00042153
-0.000487767
-0.000519552
-0.000548938
-0.000582344
-0.000612824
-0.000624299
-0.00063527
-0.000660454
-0.000699146
-0.000744415
-0.000772139
-0.000746341
-0.000614109
0.000116302
6.29292e-05
1.35257e-05
-6.27632e-05
-0.000175862
-0.000315267
-0.000451834
-0.000524245
-0.00056039
-0.000587689
-0.000621533
-0.000660918
-0.000690503
-0.000720989
-0.000768476
-0.000832495
-0.000901779
-0.000950623
-0.000942287
-0.000821226
0.000132623
7.86099e-05
2.63142e-05
-4.93925e-05
-0.000183259
-0.000343147
-0.000481139
-0.000559705
-0.000600999
-0.000632466
-0.00066984
-0.000716751
-0.000763238
-0.000814035
-0.000882919
-0.000970288
-0.00106243
-0.00113142
-0.00113906
-0.00102791
0.000152418
9.83912e-05
3.44341e-05
-4.74202e-05
-0.00019413
-0.000371798
-0.000514507
-0.000594925
-0.000640299
-0.000678968
-0.000723469
-0.000779931
-0.00084323
-0.000914485
-0.00100377
-0.00111225
-0.00122562
-0.00131398
-0.00133635
-0.00123367
0.000175002
0.000122709
4.19308e-05
-5.90184e-05
-0.000212855
-0.000397558
-0.000545971
-0.000631665
-0.000682575
-0.000729069
-0.000783048
-0.00085067
-0.000930319
-0.00102129
-0.00113043
-0.00125895
-0.00139216
-0.00149856
-0.00153432
-0.00143873
0.00020019
0.000147589
4.8477e-05
-7.75712e-05
-0.000241349
-0.000424446
-0.000575493
-0.000669689
-0.000727968
-0.000783423
-0.000848484
-0.000928625
-0.00102445
-0.0011349
-0.00126369
-0.00141111
-0.00156201
-0.00168411
-0.00173158
-0.00164209
0.000227579
0.000171908
5.16859e-05
-9.76027e-05
-0.000272924
-0.000456512
-0.00060845
-0.00070874
-0.000776431
-0.000842405
-0.000920083
-0.00101383
-0.00112545
-0.00125473
-0.00140257
-0.00156735
-0.00173351
-0.00186904
-0.00192696
-0.00184317
0.000254924
0.000194407
5.26914e-05
-0.000118121
-0.00030532
-0.000492972
-0.000646844
-0.000752536
-0.000829075
-0.000906139
-0.000997255
-0.00110572
-0.0012331
-0.00138001
-0.00154569
-0.00172641
-0.0019062
-0.00205349
-0.00212078
-0.00204228
0.000280656
0.000214453
5.33364e-05
-0.00013878
-0.000338103
-0.000532338
-0.000691305
-0.000802796
-0.000887017
-0.000974368
-0.00107935
-0.00120377
-0.00134743
-0.00151075
-0.00169273
-0.00188792
-0.00207994
-0.00223738
-0.00231262
-0.00223871
0.000303856
0.000232016
5.38816e-05
-0.000159386
-0.000372131
-0.000574594
-0.000740877
-0.000859751
-0.00095153
-0.00104804
-0.00116646
-0.00130721
-0.00146751
-0.00164642
-0.00184309
-0.002051
-0.00225375
-0.0024199
-0.00250166
-0.00243161
0.000324119
0.000246424
5.39003e-05
-0.000179961
-0.000407794
-0.00061921
-0.000794396
-0.000923132
-0.00102346
-0.00112816
-0.00125847
-0.00141493
-0.00159202
-0.00178641
-0.00199618
-0.002215
-0.00242668
-0.00260016
-0.0026872
-0.00262021
0.000341186
0.000257573
5.25097e-05
-0.000200671
-0.00044516
-0.000666637
-0.000851158
-0.000991925
-0.00110296
-0.00121536
-0.00135536
-0.001526
-0.0017195
-0.00192933
-0.00215139
-0.00237962
-0.0025984
-0.00277762
-0.00286891
-0.00280422
0.000354795
0.000265084
4.90853e-05
-0.000222235
-0.000484257
-0.000716831
-0.000910901
-0.00106475
-0.00118898
-0.00130997
-0.00145778
-0.00164014
-0.00184869
-0.00207331
-0.00230727
-0.00254418
-0.00276877
-0.00295214
-0.00304656
-0.0029835
0.000364739
0.000268918
4.29867e-05
-0.000245043
-0.000525503
-0.000770064
-0.00097337
-0.00114037
-0.00127972
-0.00141141
-0.00156641
-0.00175782
-0.00197884
-0.00221676
-0.00246206
-0.00270723
-0.00293708
-0.00312339
-0.00321966
-0.00315745
0.000370814
0.000268445
3.33699e-05
-0.000268845
-0.000568096
-0.000827086
-0.00103945
-0.00121807
-0.00137289
-0.00151747
-0.00168045
-0.00187916
-0.00210986
-0.002359
-0.00261467
-0.00286758
-0.00310237
-0.00329099
-0.00338791
-0.00332561
0.000372823
0.000264094
1.97237e-05
-0.000294969
-0.000611546
-0.000886444
-0.00110944
-0.00129843
-0.00146736
-0.00162581
-0.00179813
-0.00200341
-0.00224145
-0.00249954
-0.00276415
-0.00302414
-0.00326345
-0.0034541
-0.00355098
-0.00348768
0.000370509
0.000255633
2.51737e-06
-0.000323802
-0.000656641
-0.000947213
-0.0011819
-0.00138135
-0.00156252
-0.00173481
-0.00191777
-0.00212959
-0.00237311
-0.00263759
-0.00290939
-0.00317554
-0.00341894
-0.00361145
-0.00370819
-0.00364344
0.000363943
0.000243242
-1.86401e-05
-0.000355239
-0.00070282
-0.00100964
-0.00125646
-0.00146605
-0.00165788
-0.00184225
-0.0020368
-0.00225608
-0.0025042
-0.00277294
-0.00304989
-0.00332115
-0.00356806
-0.00376213
-0.00385866
-0.00379232
0.000353127
0.000227209
-4.37488e-05
-0.000389935
-0.000749531
-0.00107146
-0.00133189
-0.00155222
-0.00175353
-0.00194786
-0.00215312
-0.00238045
-0.00263296
-0.00290458
-0.00318478
-0.00345986
-0.00370973
-0.00390512
-0.00400141
-0.00393357
0.000337855
0.000207683
-7.09545e-05
-0.000427209
-0.000797894
-0.00113221
-0.0014056
-0.00163773
-0.0018484
-0.00205138
-0.00226532
-0.00250021
-0.0027575
-0.00303164
-0.00331386
-0.00359109
-0.00384298
-0.00403932
-0.00413537
-0.00406616
0.000319026
0.000184541
-0.000100445
-0.000464823
-0.000846013
-0.00119231
-0.00147727
-0.0017201
-0.0019405
-0.00215183
-0.002373
-0.0026136
-0.00287529
-0.00315226
-0.00343609
-0.00371438
-0.00396712
-0.00416402
-0.00425981
-0.00418947
0.000297054
0.00015979
-0.000130933
-0.000503498
-0.000892295
-0.0012488
-0.00154671
-0.0017985
-0.00202702
-0.0022469
-0.00247479
-0.00272026
-0.00298524
-0.00326504
-0.00355039
-0.00382915
-0.00408172
-0.00427841
-0.00437374
-0.00430234
0.000272799
0.000133067
-0.000160867
-0.000540258
-0.000936449
-0.00129979
-0.00160985
-0.00187216
-0.00210697
-0.00233465
-0.00256879
-0.00281834
-0.00308558
-0.00336728
-0.00365438
-0.00393368
-0.00418601
-0.00438202
-0.00447677
-0.00440449
0.000248023
0.00010632
-0.000189945
-0.000573152
-0.000975081
-0.00134598
-0.00166531
-0.00193646
-0.00217788
-0.0024119
-0.00265173
-0.0029048
-0.00317398
-0.00345698
-0.00374527
-0.00402498
-0.00427682
-0.00447181
-0.00456566
-0.00449276
0.000225462
8.3365e-05
-0.000214942
-0.000602037
-0.00100668
-0.00138325
-0.00171135
-0.00198805
-0.00223572
-0.00247554
-0.00271901
-0.00297478
-0.00324516
-0.00352914
-0.00381791
-0.00409788
-0.00434932
-0.00454338
-0.00463609
-0.00456207
0.000204752
6.05942e-05
-0.000238376
-0.000628859
-0.00103709
-0.00141739
-0.00175478
-0.00203876
-0.00229059
-0.00253673
-0.00278517
-0.00304416
-0.00331653
-0.00360194
-0.00389212
-0.0041731
-0.00442523
-0.00461944
-0.00471219
-0.00463822
0.00335558
0.00349858
0.00337571
0.00328587
0.00322463
0.00310968
0.00290032
0.00261411
0.00228978
0.00195182
0.0016074
0.00125901
0.000909352
0.000556072
0.000196907
-0.000169769
-0.000551829
-0.000962533
-0.00141403
-0.00191773
-0.002484
-0.00311745
-0.00381636
-0.00456944
-0.00534217
-0.00607079
-0.00666786
-0.0070495
-0.00717699
-0.00706737
-0.00679597
-0.00645286
-0.00610752
-0.00580144
-0.00555151
-0.00536351
-0.00523734
-0.00516626
-0.0051373
-0.0051389
-0.00516414
-0.00520835
-0.00526465
-0.00532836
-0.00539728
-0.00546831
-0.00553951
-0.00561028
-0.00568139
-0.00575258
-0.00582375
-0.00589465
-0.00596857
-0.00604243
-0.00611457
-0.006187
-0.00626068
-0.00633263
-0.00640326
-0.00647444
-0.00654498
-0.00661597
-0.00668641
-0.00675977
-0.00683431
-0.00690782
-0.00698307
-0.00705549
-0.00712963
-0.00720243
-0.00727708
-0.00735495
-0.00743026
-0.00751141
-0.00758887
-0.00766667
-0.00774717
-0.00782334
-0.00790767
-0.00798672
-0.00806974
-0.00815464
-0.00823177
-0.00831963
-0.00840012
-0.00847837
-0.00856902
-0.00864481
-0.00872678
-0.00881316
-0.00888564
-0.00897121
-0.00904722
-0.0091188
-0.00919755
-0.00926447
-0.00933667
-0.00940121
-0.00944833
-0.00950504
0.00275952
0.00312588
0.00326847
0.00327066
0.00320882
0.00307844
0.00286439
0.00258157
0.00226173
0.00192644
0.00158302
0.0012349
0.0008856
0.000532967
0.000174515
-0.00019114
-0.000571601
-0.000980352
-0.00142958
-0.00193023
-0.00249222
-0.00311992
-0.00381122
-0.00455338
-0.00531336
-0.0060304
-0.00662228
-0.00700873
-0.00714543
-0.00704453
-0.0067795
-0.00644041
-0.00609704
-0.00579285
-0.00554441
-0.00535747
-0.00523198
-0.00516138
-0.00513279
-0.00513468
-0.00516014
-0.00520459
-0.00526108
-0.00532498
-0.0053941
-0.00546533
-0.00553672
-0.00560766
-0.00567896
-0.00575033
-0.00582165
-0.00589269
-0.00596675
-0.00604073
-0.00611298
-0.00618551
-0.00625929
-0.00633133
-0.00640203
-0.00647329
-0.00654389
-0.00661495
-0.00668544
-0.00675884
-0.00683343
-0.00690697
-0.00698227
-0.00705471
-0.00712889
-0.00720173
-0.00727639
-0.0073543
-0.0074296
-0.0075108
-0.00758827
-0.00766609
-0.00774663
-0.00782279
-0.00790717
-0.00798623
-0.00806925
-0.00815421
-0.00823131
-0.00831923
-0.00839973
-0.00847796
-0.00856867
-0.00864446
-0.00872643
-0.00881287
-0.00888532
-0.00897095
-0.00904697
-0.00911854
-0.00919733
-0.00926425
-0.00933646
-0.00940105
-0.00944814
-0.00950489
0.00243294
0.00290184
0.00320765
0.00330211
0.00324396
0.00308573
0.00284959
0.00255814
0.00223697
0.00190162
0.00155729
0.00120762
0.000856871
0.000503547
0.000144899
-0.000220462
-0.000599427
-0.00100589
-0.00145243
-0.00194925
-0.00250473
-0.00312251
-0.00379979
-0.00452082
-0.00525309
-0.0059413
-0.00651333
-0.00689595
-0.00704714
-0.00697288
-0.00673396
-0.00641339
-0.00608121
-0.00578347
-0.00554044
-0.00535759
-0.00523427
-0.00516429
-0.00513549
-0.00513693
-0.00516186
-0.00520572
-0.00526167
-0.00532507
-0.00539374
-0.00546461
-0.00553572
-0.00560648
-0.00567763
-0.00574891
-0.0058202
-0.00589119
-0.00596522
-0.0060392
-0.00611145
-0.00618399
-0.00625778
-0.00632984
-0.00640056
-0.00647187
-0.00654254
-0.00661369
-0.00668427
-0.00675776
-0.0068324
-0.00690597
-0.0069813
-0.00705377
-0.00712801
-0.00720092
-0.00727566
-0.00735364
-0.00742895
-0.00751018
-0.00758766
-0.0076655
-0.00774609
-0.00782227
-0.0079067
-0.00798576
-0.0080688
-0.00815379
-0.00823088
-0.00831885
-0.00839935
-0.00847758
-0.00856835
-0.00864413
-0.00872611
-0.0088126
-0.00888502
-0.00897069
-0.00904672
-0.0091183
-0.00919713
-0.00926405
-0.0093363
-0.00940092
-0.00944811
-0.00950493
0.00215897
0.00267576
0.00307945
0.00325987
0.00323715
0.00307547
0.00282285
0.00251992
0.00219553
0.0018611
0.00151804
0.00116868
0.00081754
0.000464129
0.000105567
-0.000259319
-0.000636472
-0.00103996
-0.00148281
-0.00197416
-0.0025205
-0.00312434
-0.0037821
-0.00447771
-0.00517824
-0.00583404
-0.0063828
-0.0067606
-0.00692798
-0.00688403
-0.00667628
-0.00637913
-0.00606151
-0.00577235
-0.00553487
-0.00535568
-0.00523427
-0.00516476
-0.00513568
-0.00513668
-0.0051611
-0.00520438
-0.00525983
-0.00532277
-0.00539101
-0.0054616
-0.00553255
-0.0056032
-0.00567433
-0.00574569
-0.0058171
-0.00588819
-0.00596231
-0.00603638
-0.00610875
-0.00618138
-0.00625524
-0.00632736
-0.00639817
-0.00646958
-0.00654039
-0.00661174
-0.0066825
-0.00675615
-0.00683089
-0.0069045
-0.00697987
-0.00705237
-0.00712668
-0.0071997
-0.00727456
-0.00735266
-0.00742799
-0.00750924
-0.00758671
-0.00766458
-0.00774522
-0.00782144
-0.00790595
-0.00798502
-0.00806806
-0.00815307
-0.00823015
-0.00831816
-0.00839867
-0.00847691
-0.00856772
-0.0086435
-0.0087255
-0.00881202
-0.00888443
-0.00897015
-0.00904619
-0.00911781
-0.00919669
-0.0092636
-0.00933591
-0.00940059
-0.00944808
-0.00950499
0.0019176
0.00245744
0.00292338
0.00317773
0.00320978
0.00306552
0.00280691
0.00249177
0.00215886
0.00182119
0.00147781
0.00112866
0.000777272
0.000423849
6.55278e-05
-0.000298567
-0.000673564
-0.00107359
-0.00151187
-0.00199653
-0.00253224
-0.00312001
-0.0037555
-0.00442295
-0.00509151
-0.00571606
-0.0062425
-0.00661547
-0.00679798
-0.00678365
-0.00660893
-0.00633855
-0.00603845
-0.0057595
-0.00552771
-0.00535186
-0.00523241
-0.00516373
-0.0051348
-0.00513574
-0.00515989
-0.00520274
-0.00525777
-0.00532026
-0.00538805
-0.00545833
-0.00552906
-0.00559957
-0.00567064
-0.00574203
-0.00581354
-0.00588473
-0.00595885
-0.00603296
-0.00610544
-0.00617814
-0.00625202
-0.00632417
-0.00639504
-0.00646655
-0.00653751
-0.00660908
-0.00668011
-0.00675397
-0.00682883
-0.00690248
-0.00697786
-0.00705039
-0.00712479
-0.00719797
-0.00727301
-0.00735127
-0.00742666
-0.00750789
-0.00758536
-0.00766325
-0.00774395
-0.00782027
-0.00790484
-0.00798397
-0.00806696
-0.00815201
-0.0082291
-0.00831711
-0.00839765
-0.00847591
-0.00856671
-0.00864254
-0.00872454
-0.00881109
-0.0088835
-0.00896924
-0.00904529
-0.00911698
-0.00919594
-0.00926284
-0.00933523
-0.0094
-0.009448
-0.00950502
0.00169978
0.00225074
0.00275827
0.003072
0.00316286
0.00305258
0.00280043
0.00247452
0.00212805
0.00178219
0.0014361
0.00108649
0.000734794
0.000381385
2.36561e-05
-0.000339268
-0.000711725
-0.0011077
-0.00154042
-0.00201718
-0.00254103
-0.00311149
-0.0037237
-0.00436285
-0.00500053
-0.00559551
-0.0061006
-0.00646806
-0.00666378
-0.00667732
-0.00653554
-0.00629359
-0.00601331
-0.005746
-0.0055203
-0.00534773
-0.0052301
-0.00516225
-0.0051336
-0.00513462
-0.00515861
-0.00520107
-0.00525569
-0.00531769
-0.00538497
-0.00545487
-0.00552533
-0.00559563
-0.00566659
-0.00573798
-0.00580958
-0.00588084
-0.00595494
-0.00602908
-0.00610167
-0.00617442
-0.0062483
-0.00632047
-0.00639139
-0.00646298
-0.0065341
-0.00660595
-0.00667729
-0.00675138
-0.00682637
-0.00690007
-0.00697544
-0.00704798
-0.00712247
-0.00719587
-0.00727111
-0.00734957
-0.00742502
-0.0075062
-0.00758366
-0.00766155
-0.00774232
-0.00781877
-0.00790342
-0.00798263
-0.00806552
-0.00815062
-0.00822774
-0.0083157
-0.0083963
-0.00847457
-0.00856533
-0.00864126
-0.00872321
-0.00880978
-0.00888221
-0.00896794
-0.00904401
-0.00911578
-0.00919485
-0.00926174
-0.00933418
-0.00939909
-0.00944782
-0.00950493
0.00148721
0.00204599
0.00258574
0.00294892
0.00309541
0.00302814
0.00279396
0.00246324
0.00210214
0.00174427
0.00139245
0.00104091
0.000688401
0.000335006
-2.17119e-05
-0.000383058
-0.000752413
-0.00114335
-0.00156943
-0.00203708
-0.00254794
-0.00310031
-0.00368884
-0.00429983
-0.00490727
-0.00547396
-0.00595854
-0.00631952
-0.00652595
-0.00656504
-0.0064556
-0.00624349
-0.00598521
-0.00573123
-0.00551242
-0.00534323
-0.00522727
-0.00516014
-0.00513174
-0.00513291
-0.00515685
-0.00519896
-0.00525322
-0.00531479
-0.00538152
-0.00545102
-0.00552118
-0.00559127
-0.00566211
-0.0057335
-0.00580519
-0.00587651
-0.0059506
-0.0060248
-0.00609749
-0.00617031
-0.00624419
-0.00631637
-0.00638735
-0.00645904
-0.00653034
-0.0066025
-0.00667418
-0.00674854
-0.00682366
-0.0068974
-0.00697274
-0.0070453
-0.00711988
-0.00719353
-0.00726898
-0.00734768
-0.00742316
-0.00750429
-0.00758175
-0.00765962
-0.00774046
-0.00781707
-0.00790178
-0.0079811
-0.00806384
-0.008149
-0.00822615
-0.00831402
-0.00839471
-0.008473
-0.00856366
-0.00863974
-0.0087216
-0.0088082
-0.00888064
-0.00896632
-0.00904244
-0.00911429
-0.00919348
-0.00926037
-0.00933283
-0.00939795
-0.0094475
-0.00950471
0.00127027
0.00183693
0.00240703
0.00281418
0.00301026
0.00298906
0.00278073
0.00245296
0.00207972
0.00170757
0.00134665
0.000991239
0.000637484
0.000284288
-7.09352e-05
-0.000430073
-0.000795478
-0.00118009
-0.00159836
-0.00205582
-0.00255259
-0.0030861
-0.00365074
-0.00423381
-0.00481176
-0.00535131
-0.00581601
-0.00616954
-0.0063844
-0.00644672
-0.00636858
-0.00618719
-0.00595276
-0.00571402
-0.0055034
-0.0053381
-0.00522375
-0.00515716
-0.00512894
-0.00513029
-0.00515429
-0.00519616
-0.00525011
-0.00531135
-0.00537759
-0.00544669
-0.00551658
-0.00558648
-0.00565719
-0.00572857
-0.00580034
-0.00587175
-0.00594585
-0.00602013
-0.00609294
-0.00616583
-0.00623973
-0.00631194
-0.00638296
-0.00645476
-0.00652627
-0.00659876
-0.00667081
-0.00674547
-0.00682073
-0.00689451
-0.00696982
-0.00704239
-0.00711706
-0.007191
-0.00726668
-0.00734562
-0.00742115
-0.00750218
-0.00757966
-0.00765752
-0.00773841
-0.0078152
-0.00789998
-0.00797942
-0.00806198
-0.0081472
-0.00822442
-0.00831217
-0.00839295
-0.00847125
-0.0085618
-0.00863805
-0.0087198
-0.00880641
-0.00887891
-0.00896449
-0.00904067
-0.0091126
-0.00919192
-0.00925882
-0.00933129
-0.00939666
-0.00944708
-0.00950444
0.00104955
0.00162338
0.00222334
0.00267136
0.00291085
0.00293332
0.00275648
0.00243927
0.00205902
0.00167276
0.00130029
0.000939023
0.000583454
0.000230411
-0.000123188
-0.000479563
-0.000840304
-0.00121754
-0.00162675
-0.00207295
-0.00255454
-0.00306844
-0.00360919
-0.00416488
-0.00471431
-0.00522777
-0.00567305
-0.00601835
-0.00623953
-0.00632256
-0.00627414
-0.00612384
-0.00591503
-0.00569357
-0.00549284
-0.00533226
-0.00521966
-0.00515343
-0.00512522
-0.00512669
-0.00515081
-0.00519256
-0.00524631
-0.00530731
-0.00537317
-0.00544191
-0.00551155
-0.00558127
-0.00565185
-0.00572321
-0.0057951
-0.00586663
-0.00594075
-0.00601512
-0.0060881
-0.00616104
-0.00623496
-0.0063072
-0.00637827
-0.00645019
-0.00652191
-0.00659477
-0.00666722
-0.00674218
-0.00681759
-0.0068914
-0.00696666
-0.00703926
-0.00711402
-0.00718827
-0.00726422
-0.00734342
-0.00741899
-0.00749989
-0.0075774
-0.00765527
-0.00773621
-0.00781319
-0.00789803
-0.00797763
-0.00805998
-0.00814524
-0.00822255
-0.00831016
-0.00839103
-0.00846937
-0.00855978
-0.00863622
-0.00871786
-0.00880446
-0.00887704
-0.0089625
-0.00903876
-0.00911075
-0.00919023
-0.00925713
-0.00932961
-0.00939527
-0.00944656
-0.00950414
0.000827395
0.00140785
0.00203601
0.0025225
0.00280078
0.00286258
0.00271938
0.00241944
0.00203859
0.0016406
0.00125509
0.000885711
0.000527329
0.000174175
-0.000178019
-0.000531344
-0.000886845
-0.00125581
-0.0016545
-0.00208825
-0.00255385
-0.00304757
-0.00356449
-0.00409351
-0.00461538
-0.0051035
-0.00552963
-0.005866
-0.0060916
-0.00619288
-0.00617245
-0.00605316
-0.00587143
-0.00566931
-0.00548035
-0.00532563
-0.00521513
-0.00514916
-0.00512072
-0.00512213
-0.00514635
-0.0051881
-0.00524176
-0.00530261
-0.00536822
-0.00543668
-0.00550607
-0.00557563
-0.0056461
-0.00571748
-0.00578951
-0.00586116
-0.0059353
-0.00600978
-0.00608293
-0.00615593
-0.00622985
-0.00630213
-0.00637326
-0.0064453
-0.00651725
-0.00659049
-0.00666337
-0.00673866
-0.00681422
-0.00688805
-0.00696326
-0.00703589
-0.00711076
-0.00718533
-0.00726156
-0.00734104
-0.00741668
-0.00749742
-0.00757494
-0.00765284
-0.00773386
-0.00781103
-0.00789592
-0.00797568
-0.00805785
-0.00814311
-0.00822055
-0.00830799
-0.00838897
-0.00846734
-0.0085576
-0.00863426
-0.00871578
-0.00880235
-0.00887504
-0.00896034
-0.00903671
-0.00910877
-0.00918841
-0.00925534
-0.00932781
-0.00939379
-0.00944596
-0.00950382
0.000605249
0.00119241
0.00184634
0.00236836
0.00268262
0.00277979
0.0026695
0.00239128
0.00201563
0.00160974
0.00121153
0.000832056
0.000469428
0.000115928
-0.000235021
-0.000585267
-0.000935157
-0.00129512
-0.00168189
-0.00210189
-0.00255079
-0.00302378
-0.00351674
-0.00401967
-0.00451485
-0.00497845
-0.00538585
-0.00571292
-0.00594142
-0.00605866
-0.0060643
-0.0059753
-0.00582151
-0.00564052
-0.0054652
-0.00531781
-0.00521008
-0.00514445
-0.00511554
-0.00511664
-0.00514086
-0.00518261
-0.00523629
-0.00529717
-0.00536261
-0.00543094
-0.00550016
-0.00556957
-0.00563997
-0.00571136
-0.00578353
-0.0058553
-0.00592947
-0.00600407
-0.00607739
-0.00615047
-0.00622436
-0.00629668
-0.00636786
-0.00644004
-0.00651225
-0.00658589
-0.00665923
-0.00673487
-0.00681058
-0.00688447
-0.00695961
-0.00703227
-0.00710727
-0.00718217
-0.0072587
-0.00733848
-0.0074142
-0.00749478
-0.00757228
-0.00765021
-0.00773134
-0.00780873
-0.00789364
-0.00797358
-0.00805557
-0.00814082
-0.00821841
-0.00830565
-0.00838676
-0.00846518
-0.00855526
-0.00863214
-0.00871357
-0.00880007
-0.00887292
-0.00895802
-0.00903453
-0.00910664
-0.00918644
-0.00925344
-0.00932587
-0.00939221
-0.00944527
-0.00950347
0.000384814
0.000979204
0.00165603
0.00221018
0.00255768
0.00268667
0.00260714
0.0023529
0.00198702
0.0015777
0.00116897
0.000778783
0.000410221
5.58884e-05
-0.000293689
-0.000641002
-0.000985218
-0.00133549
-0.00170894
-0.0021138
-0.00254526
-0.00299716
-0.00346607
-0.00394345
-0.00441303
-0.00485325
-0.00524252
-0.00555994
-0.00578985
-0.00592067
-0.00595016
-0.00589024
-0.00576472
-0.00560643
-0.0054466
-0.00530828
-0.0052044
-0.00513933
-0.0051098
-0.00511028
-0.00513431
-0.00517604
-0.00522982
-0.00529091
-0.00535631
-0.00542454
-0.00549372
-0.005563
-0.00563331
-0.00570476
-0.00577709
-0.00584902
-0.00592323
-0.00599796
-0.00607146
-0.00614461
-0.00621849
-0.0062908
-0.00636205
-0.00643439
-0.0065069
-0.00658096
-0.00665479
-0.00673082
-0.00680669
-0.00688061
-0.00695568
-0.00702837
-0.00710351
-0.00717878
-0.00725562
-0.00733571
-0.00741155
-0.00749194
-0.00756945
-0.00764737
-0.00772859
-0.00780628
-0.00789122
-0.00797131
-0.00805312
-0.00813836
-0.00821614
-0.00830314
-0.00838438
-0.00846287
-0.00855274
-0.00862986
-0.00871121
-0.00879762
-0.00887067
-0.00895552
-0.00903219
-0.00910437
-0.00918433
-0.00925145
-0.00932379
-0.00939052
-0.00944449
-0.00950306
0.000167815
0.000769504
0.00146592
0.00204833
0.00242593
0.0025837
0.00253245
0.00230276
0.00195049
0.00154202
0.00112608
0.000726307
0.000350625
-5.55191e-06
-0.000353278
-0.000697443
-0.00103614
-0.00137633
-0.00173545
-0.00212409
-0.00253746
-0.00296812
-0.00341307
-0.00386538
-0.00431027
-0.00472808
-0.00509979
-0.00540728
-0.00563725
-0.00577954
-0.00583065
-0.00579827
-0.00570088
-0.0055664
-0.00542376
-0.0052962
-0.00519756
-0.00513372
-0.0051036
-0.0051032
-0.00512678
-0.00516837
-0.0052222
-0.00528358
-0.00534908
-0.00541727
-0.00548657
-0.00555588
-0.00562611
-0.00569765
-0.00577021
-0.00584233
-0.00591655
-0.00599139
-0.0060651
-0.00613831
-0.00621219
-0.0062845
-0.0063558
-0.00642832
-0.00650115
-0.00657569
-0.00665003
-0.00672644
-0.00680249
-0.00687643
-0.00695144
-0.00702416
-0.00709945
-0.00717514
-0.00725232
-0.00733272
-0.00740871
-0.00748889
-0.00756642
-0.00764432
-0.00772561
-0.00780364
-0.00788863
-0.00796887
-0.00805048
-0.0081357
-0.00821373
-0.00830043
-0.00838182
-0.00846042
-0.00855004
-0.00862742
-0.00870869
-0.008795
-0.00886828
-0.00895284
-0.00902968
-0.00910197
-0.00918206
-0.00924934
-0.00932155
-0.0093887
-0.00944362
-0.00950258
-4.55304e-05
0.000562729
0.00127551
0.00188238
0.00228726
0.00247153
0.00244643
0.00224094
0.00190495
0.00150113
0.00108154
0.00067455
0.000291656
-6.76386e-05
-0.000413355
-0.000753697
-0.00108719
-0.00141774
-0.00176208
-0.00213334
-0.00252785
-0.00293709
-0.0033582
-0.00378575
-0.00420656
-0.00460285
-0.00495784
-0.00525553
-0.00548449
-0.0056363
-0.00570671
-0.00569992
-0.00562989
-0.00551979
-0.00539583
-0.0052807
-0.00518896
-0.00512753
-0.00509706
-0.00509552
-0.00511831
-0.00515954
-0.00521331
-0.00527503
-0.00534083
-0.00540915
-0.00547866
-0.00554818
-0.00561837
-0.00568998
-0.00576282
-0.00583516
-0.00590942
-0.00598439
-0.00605833
-0.00613159
-0.00620543
-0.00627775
-0.00634906
-0.00642175
-0.00649496
-0.00657001
-0.00664492
-0.00672175
-0.00679801
-0.006872
-0.0069469
-0.00701966
-0.00709511
-0.00717123
-0.0072488
-0.0073295
-0.00740566
-0.0074856
-0.00756317
-0.00764106
-0.00772241
-0.00780078
-0.00788586
-0.00796629
-0.00804767
-0.00813281
-0.00821117
-0.00829753
-0.00837906
-0.00845781
-0.00854715
-0.0086248
-0.008706
-0.00879217
-0.00886575
-0.00894998
-0.00902701
-0.00909942
-0.0091796
-0.00924712
-0.00931915
-0.00938675
-0.00944265
-0.00950202
-0.000256543
0.000357188
0.00108398
0.00171237
0.00214246
0.00235156
0.00235071
0.00216836
0.00184996
0.00145398
0.00103398
0.000622515
0.00023364
-0.000129541
-0.000473848
-0.000809596
-0.00113771
-0.0014594
-0.00178889
-0.00214155
-0.00251641
-0.00290424
-0.0033017
-0.0037049
-0.00410233
-0.00447802
-0.00481715
-0.0051053
-0.00533234
-0.0054916
-0.00557885
-0.00559555
-0.0055517
-0.0054662
-0.00536222
-0.00526116
-0.00517784
-0.00512017
-0.00508999
-0.00508721
-0.00510894
-0.00514964
-0.00520324
-0.00526523
-0.00533144
-0.00540001
-0.00546976
-0.00553959
-0.00560997
-0.00568169
-0.00575484
-0.00582749
-0.00590183
-0.00597693
-0.00605108
-0.00612438
-0.00619814
-0.00627047
-0.00634181
-0.00641468
-0.00648834
-0.00656398
-0.00663951
-0.00671679
-0.00679322
-0.00686723
-0.00694199
-0.00701479
-0.00709046
-0.00716704
-0.00724502
-0.00732606
-0.00740239
-0.00748207
-0.00755969
-0.0076376
-0.00771899
-0.0077977
-0.00788286
-0.00796354
-0.00804471
-0.00812968
-0.00820843
-0.00829444
-0.0083761
-0.00845504
-0.00854406
-0.008622
-0.00870313
-0.00878913
-0.00886306
-0.00894692
-0.00902415
-0.00909674
-0.00917694
-0.00924477
-0.00931659
-0.00938464
-0.00944159
-0.00950136
-0.000466768
0.000151771
0.000891179
0.00153892
0.00199239
0.00222469
0.00224592
0.00208509
0.00178469
0.00139917
0.000981786
0.000568552
0.00017594
-0.000190729
-0.000534465
-0.000865084
-0.00118683
-0.00150018
-0.00181544
-0.00214882
-0.00250334
-0.00287003
-0.00324422
-0.0036235
-0.00399831
-0.00435412
-0.00467792
-0.0049568
-0.00518132
-0.00534606
-0.00544774
-0.00548599
-0.00546697
-0.00540573
-0.00532243
-0.00523674
-0.00516326
-0.00511087
-0.00508226
-0.00507861
-0.00509903
-0.00513887
-0.00519202
-0.0052541
-0.0053207
-0.00538963
-0.00545981
-0.00553008
-0.00560084
-0.00567283
-0.00574625
-0.00581929
-0.00589375
-0.00596896
-0.00604333
-0.00611664
-0.00619034
-0.00626268
-0.00633409
-0.00640715
-0.00648124
-0.00655751
-0.00663371
-0.00671145
-0.00678803
-0.00686207
-0.00693673
-0.00700957
-0.00708547
-0.00716259
-0.00724099
-0.00732235
-0.00739892
-0.00747825
-0.00755592
-0.0076339
-0.00771536
-0.00779443
-0.00787959
-0.00796056
-0.00804159
-0.00812633
-0.00820547
-0.00829112
-0.00837293
-0.0084521
-0.00854073
-0.00861903
-0.00870009
-0.00878587
-0.00886018
-0.00894366
-0.0090211
-0.00909391
-0.00917409
-0.0092423
-0.00931384
-0.00938235
-0.00944044
-0.0095006
-0.000675924
-5.28069e-05
0.000697974
0.00136297
0.00183776
0.00209183
0.00213332
0.00199227
0.00170982
0.00133671
0.000924629
0.000511895
0.000117911
-0.000250724
-0.000594219
-0.000919809
-0.00123405
-0.00153889
-0.00184116
-0.00215568
-0.00248929
-0.00283495
-0.00318641
-0.00354214
-0.00389505
-0.00423171
-0.0045405
-0.00481036
-0.0050321
-0.00520078
-0.00531446
-0.00537208
-0.00537629
-0.00533839
-0.00527592
-0.00520676
-0.00514468
-0.00509906
-0.00507349
-0.00506969
-0.00508853
-0.00512714
-0.00517967
-0.00524169
-0.00530862
-0.00537794
-0.00544871
-0.00551953
-0.0055907
-0.0056632
-0.005737
-0.00581043
-0.00588512
-0.00596049
-0.00603513
-0.00610847
-0.00618203
-0.00625433
-0.00632577
-0.00639905
-0.00647361
-0.00655055
-0.00662754
-0.00670577
-0.00678253
-0.00685658
-0.00693111
-0.00700401
-0.00708012
-0.00715782
-0.00723671
-0.00731834
-0.00739518
-0.00747416
-0.00755187
-0.00762995
-0.00771148
-0.00779098
-0.00787607
-0.00795729
-0.00803829
-0.00812277
-0.00820231
-0.00828756
-0.00836952
-0.008449
-0.00853716
-0.00861584
-0.00869686
-0.00878239
-0.00885714
-0.00894017
-0.00901785
-0.00909093
-0.00917101
-0.0092397
-0.00931091
-0.00937986
-0.00943918
-0.00949972
-0.000883223
-0.000255549
0.000505375
0.00118554
0.0016795
0.00195394
0.0020144
0.00189135
0.00162612
0.00126647
0.000861752
0.00045165
5.85929e-05
-0.000309738
-0.00065227
-0.000973327
-0.00127947
-0.00157501
-0.00186545
-0.00216249
-0.00247485
-0.00279915
-0.00312869
-0.00346157
-0.00379305
-0.00411123
-0.00440529
-0.00466607
-0.00488492
-0.00505651
-0.00517985
-0.00525428
-0.00528
-0.00526447
-0.0052226
-0.00517083
-0.00512152
-0.00508378
-0.00506254
-0.0050599
-0.00507754
-0.00511461
-0.00516629
-0.00522805
-0.00529516
-0.00536479
-0.00543616
-0.00550773
-0.0055794
-0.00565259
-0.00572713
-0.00580101
-0.00587594
-0.00595157
-0.00602641
-0.00609971
-0.00617305
-0.00624531
-0.00631685
-0.00639039
-0.00646556
-0.00654315
-0.00662096
-0.00669973
-0.00677659
-0.00685065
-0.00692501
-0.00699805
-0.00707443
-0.00715272
-0.00723216
-0.00731401
-0.00739116
-0.0074698
-0.0075475
-0.00762572
-0.00770735
-0.0077873
-0.00787234
-0.00795374
-0.00803475
-0.00811901
-0.00819896
-0.00828374
-0.00836587
-0.00844573
-0.00853332
-0.00861246
-0.00869344
-0.00877868
-0.00885391
-0.00893644
-0.00901439
-0.00908782
-0.0091677
-0.00923693
-0.00930779
-0.00937716
-0.00943781
-0.0094987
-0.00108895
-0.000456631
0.000313494
0.00100692
0.00151794
0.0018112
0.00188948
0.00178293
0.00153375
0.00118814
0.00079273
0.000387421
-2.71799e-06
-0.000368605
-0.000708719
-0.0010254
-0.00132354
-0.00160879
-0.00188753
-0.00216857
-0.0024601
-0.00276279
-0.00307145
-0.00338261
-0.003693
-0.00399328
-0.00427316
-0.00452466
-0.00474029
-0.00491403
-0.00504494
-0.00513359
-0.005179
-0.00518477
-0.00516277
-0.0051285
-0.00509303
-0.00506446
-0.00504882
-0.00504887
-0.00506625
-0.00510157
-0.00515193
-0.00521323
-0.00528045
-0.00535027
-0.0054221
-0.00549458
-0.00556704
-0.005641
-0.00571648
-0.00579104
-0.00586609
-0.00594196
-0.00601709
-0.00609033
-0.00616348
-0.00623569
-0.00630738
-0.00638119
-0.00645702
-0.00653532
-0.00661385
-0.00669318
-0.00677019
-0.00684428
-0.00691854
-0.00699175
-0.00706844
-0.00714729
-0.00722729
-0.00730936
-0.00738681
-0.00746515
-0.00754284
-0.00762121
-0.00770295
-0.00778342
-0.00786837
-0.00794995
-0.00803093
-0.00811496
-0.00819543
-0.00827968
-0.00836191
-0.00844229
-0.00852924
-0.00860883
-0.0086898
-0.00877473
-0.00885049
-0.00893245
-0.0090107
-0.00908456
-0.00916416
-0.009234
-0.00930451
-0.00937422
-0.00943633
-0.00949755
-0.00129252
-0.000655653
0.000122864
0.000827915
0.00135391
0.00166434
0.00175953
0.00166856
0.00143433
0.00110269
0.000718033
0.000319298
-6.64336e-05
-0.00042818
-0.000764137
-0.00107565
-0.00136598
-0.00164048
-0.00190679
-0.00217299
-0.00244543
-0.00272696
-0.00301533
-0.00330598
-0.00359582
-0.00387855
-0.00414481
-0.00438675
-0.00459841
-0.00477377
-0.00491085
-0.0050112
-0.00507386
-0.00509956
-0.00509671
-0.00507964
-0.00505886
-0.00504079
-0.0050317
-0.00503558
-0.00505406
-0.00508805
-0.00513665
-0.00519724
-0.00526452
-0.00533441
-0.00540651
-0.00547995
-0.0055534
-0.00562821
-0.00570465
-0.00578027
-0.00585562
-0.00593161
-0.0060072
-0.00608041
-0.00615333
-0.00622544
-0.00629728
-0.0063714
-0.00644792
-0.00652703
-0.00660631
-0.00668615
-0.00676334
-0.00683748
-0.00691162
-0.006985
-0.00706207
-0.00714152
-0.00722204
-0.00730434
-0.00738215
-0.00746015
-0.0075379
-0.00761642
-0.00769821
-0.00777928
-0.0078641
-0.00794591
-0.00802689
-0.00811058
-0.00819167
-0.00827544
-0.00835766
-0.00843861
-0.00852491
-0.00860497
-0.00868596
-0.00877054
-0.00884689
-0.00892819
-0.00900676
-0.00908116
-0.00916036
-0.00923088
-0.00930106
-0.00937103
-0.00943468
-0.00949623
-0.00149375
-0.000852532
-6.62775e-05
0.000649209
0.00118838
0.00151439
0.00162556
0.00154944
0.00132916
0.00101076
0.000637591
0.000247015
-0.000132936
-0.000489057
-0.000819091
-0.00112405
-0.00140644
-0.00167059
-0.00192397
-0.00217567
-0.00243104
-0.0026924
-0.00296045
-0.00323166
-0.00350205
-0.00376744
-0.00402036
-0.00425282
-0.00445971
-0.004636
-0.00477825
-0.00488796
-0.00496532
-0.00500944
-0.00502513
-0.00502466
-0.00501866
-0.00501213
-0.00501063
-0.0050192
-0.00504016
-0.00507399
-0.00512077
-0.00518009
-0.00524729
-0.00531733
-0.00538956
-0.00546372
-0.00553818
-0.00561405
-0.00569166
-0.0057686
-0.00584467
-0.00592067
-0.00599659
-0.00606992
-0.00614247
-0.00621448
-0.00628649
-0.00636104
-0.00643835
-0.00651828
-0.00659836
-0.00667852
-0.00675585
-0.00683014
-0.0069042
-0.0069779
-0.00705535
-0.00713545
-0.00721649
-0.00729889
-0.00737716
-0.00745486
-0.00753259
-0.00761137
-0.00769315
-0.00777485
-0.00785958
-0.00794161
-0.00802271
-0.00810592
-0.00818755
-0.00827096
-0.00835316
-0.00843469
-0.0085203
-0.00860091
-0.00868189
-0.00876602
-0.0088431
-0.00892372
-0.00900255
-0.00907759
-0.0091563
-0.00922756
-0.00929743
-0.00936759
-0.00943285
-0.00949473
-0.00169295
-0.00104742
-0.000253778
0.000471318
0.00102231
0.00136231
0.00148833
0.00142612
0.00121889
0.00091302
0.000551586
0.000170658
-0.000202109
-0.000551391
-0.000873985
-0.00117106
-0.00144489
-0.00169907
-0.00193967
-0.00217655
-0.00241604
-0.00265892
-0.00290712
-0.00315994
-0.00341251
-0.00366098
-0.00390052
-0.00412359
-0.00432507
-0.00450117
-0.00464779
-0.00476519
-0.00485475
-0.00491536
-0.00494852
-0.00496393
-0.00497228
-0.00497806
-0.0049853
-0.00499936
-0.00502374
-0.00505889
-0.00510453
-0.005162
-0.00522866
-0.00529908
-0.00537141
-0.0054459
-0.00552138
-0.00559859
-0.00567764
-0.00575592
-0.00583289
-0.00590915
-0.00598506
-0.00605859
-0.00613091
-0.00620281
-0.00627515
-0.00635009
-0.00642831
-0.00650901
-0.00658988
-0.00667037
-0.00674772
-0.00682227
-0.00689632
-0.00697043
-0.00704834
-0.00712899
-0.00721061
-0.007293
-0.00737171
-0.00744928
-0.00752691
-0.00760602
-0.00768783
-0.00777013
-0.00785474
-0.00793695
-0.00801828
-0.00810103
-0.00818311
-0.00826619
-0.00834847
-0.00843055
-0.00851536
-0.00859657
-0.0086776
-0.0087612
-0.00883911
-0.008919
-0.00899809
-0.00907385
-0.00915195
-0.00922402
-0.00929367
-0.00936388
-0.00943081
-0.00949302
-0.00188937
-0.00123961
-0.000438822
0.000295204
0.000856901
0.00120931
0.00134875
0.00129945
0.0011045
0.000810707
0.000461036
9.07499e-05
-0.000273491
-0.000615134
-0.000929325
-0.0012175
-0.00148189
-0.0017259
-0.00195443
-0.00217648
-0.00240038
-0.00262665
-0.0028564
-0.00309135
-0.0033274
-0.00355967
-0.00378567
-0.00399943
-0.00419525
-0.00437011
-0.00452007
-0.00464395
-0.00474327
-0.00481799
-0.00486732
-0.00489802
-0.00492023
-0.00493844
-0.00495541
-0.0049758
-0.00500416
-0.00504184
-0.00508773
-0.0051432
-0.00520857
-0.00527943
-0.00535218
-0.00542675
-0.00550304
-0.00558166
-0.00566226
-0.00574208
-0.00581996
-0.00589685
-0.00597281
-0.00604632
-0.00611868
-0.00619046
-0.00626319
-0.00633858
-0.00641772
-0.00649934
-0.00658089
-0.0066617
-0.006739
-0.00681374
-0.00688794
-0.00696251
-0.00704093
-0.00712215
-0.00720436
-0.00728675
-0.00736579
-0.00744335
-0.00752095
-0.00760035
-0.00768222
-0.00776505
-0.00784951
-0.00793199
-0.00801365
-0.00809596
-0.0081784
-0.00826105
-0.00834346
-0.00842624
-0.00851013
-0.008592
-0.00867316
-0.00875608
-0.00883486
-0.00891401
-0.00899336
-0.00906996
-0.00914732
-0.00922021
-0.00928975
-0.00935989
-0.0094285
-0.00949108
-0.00208229
-0.00142869
-0.000621118
0.000121266
0.000692712
0.00105616
0.00120769
0.00117048
0.000987187
0.000705106
0.000367059
7.75851e-06
-0.000347004
-0.000680347
-0.000985652
-0.00126399
-0.00151811
-0.00175137
-0.00196845
-0.0021764
-0.0023846
-0.00259544
-0.00280844
-0.00302595
-0.00324631
-0.00346385
-0.0036766
-0.00388108
-0.00407103
-0.00424359
-0.0043955
-0.00452476
-0.00463208
-0.00471857
-0.0047825
-0.00482755
-0.00486292
-0.00489326
-0.00492048
-0.00494811
-0.00498109
-0.00502191
-0.00506948
-0.00512387
-0.00518739
-0.00525828
-0.00533188
-0.00540661
-0.00548329
-0.00556313
-0.00564534
-0.00572709
-0.00580602
-0.00588356
-0.00595998
-0.00603324
-0.00610551
-0.00617743
-0.00625059
-0.00632659
-0.00640667
-0.00648921
-0.00657138
-0.00665236
-0.00672967
-0.00680449
-0.0068789
-0.00695422
-0.00703316
-0.00711501
-0.00719775
-0.00728008
-0.00735947
-0.00743704
-0.0075147
-0.00759438
-0.00767627
-0.00775968
-0.00784391
-0.00792667
-0.00800876
-0.00809062
-0.00817347
-0.00825558
-0.00833807
-0.00842176
-0.00850471
-0.00858708
-0.00866845
-0.00875067
-0.00883038
-0.0089088
-0.00898839
-0.0090659
-0.00914235
-0.00921611
-0.0092857
-0.00935564
-0.00942586
-0.00948886
-0.00227095
-0.00161411
-0.000800401
-5.02179e-05
0.000530208
0.000903741
0.00106625
0.00104032
0.000867982
0.00059695
0.000270095
-7.82429e-05
-0.00042282
-0.000746882
-0.00104276
-0.00131059
-0.00155378
-0.00177587
-0.00198156
-0.00217658
-0.00236947
-0.00256522
-0.00276304
-0.00296428
-0.0031697
-0.00337409
-0.00357429
-0.003769
-0.00395271
-0.00412208
-0.00427479
-0.00440836
-0.00452242
-0.00461836
-0.0046948
-0.00475306
-0.00480083
-0.004843
-0.00488059
-0.00491625
-0.00495456
-0.00499884
-0.00504904
-0.00510388
-0.00516563
-0.00523552
-0.00531005
-0.00538555
-0.00546238
-0.00554308
-0.00562705
-0.00571102
-0.0057912
-0.00586911
-0.00594604
-0.00601939
-0.00609124
-0.00616351
-0.00623746
-0.00631411
-0.00639515
-0.00647853
-0.00656137
-0.00664239
-0.00671965
-0.00679476
-0.00686924
-0.00694548
-0.00702507
-0.00710746
-0.0071908
-0.00727294
-0.00735269
-0.00743034
-0.00750811
-0.00758816
-0.00766999
-0.00775395
-0.00783797
-0.00792094
-0.0080036
-0.00808506
-0.00816832
-0.00824993
-0.00833231
-0.00841688
-0.00849904
-0.00858194
-0.00866352
-0.00874496
-0.00882563
-0.00890329
-0.00898313
-0.00906177
-0.00913715
-0.00921166
-0.00928151
-0.00935114
-0.00942284
-0.00948627
-0.0024549
-0.00179532
-0.000976262
-0.00021888
0.000370037
0.000753062
0.000925728
0.000910201
0.000748047
0.000487194
0.000170963
-0.000166406
-0.000500205
-0.000814204
-0.00110036
-0.00135768
-0.00158965
-0.00180037
-0.00199451
-0.00217732
-0.00235588
-0.00253658
-0.0027203
-0.00290687
-0.00309799
-0.00329003
-0.00347868
-0.00366345
-0.00384071
-0.00400654
-0.00415893
-0.0042956
-0.004415
-0.00451855
-0.00460539
-0.00467569
-0.00473494
-0.00478822
-0.00483603
-0.00487989
-0.00492427
-0.00497241
-0.00502566
-0.00508228
-0.00514325
-0.00521147
-0.00528649
-0.00536352
-0.00544079
-0.0055219
-0.00560737
-0.00569356
-0.00577513
-0.00585346
-0.0059307
-0.00600462
-0.00607627
-0.00614857
-0.00622382
-0.0063013
-0.00638327
-0.00646744
-0.00655075
-0.00663179
-0.00670884
-0.00678441
-0.00685908
-0.00693625
-0.00701675
-0.00709954
-0.00718339
-0.00726533
-0.00734537
-0.00742334
-0.00750128
-0.00758168
-0.00766342
-0.00774774
-0.00783162
-0.00791486
-0.00799813
-0.00807937
-0.00816293
-0.00824397
-0.00832623
-0.00841163
-0.00849316
-0.00857669
-0.00865834
-0.00873883
-0.00882065
-0.00889767
-0.00897754
-0.00905742
-0.00913166
-0.00920683
-0.00927718
-0.00934638
-0.00941938
-0.00948331
-0.00263382
-0.00197174
-0.00114795
-0.000384048
0.000212866
0.000604859
0.000787013
0.000781089
0.000628387
0.000377026
7.08498e-05
-0.000255735
-0.000578693
-0.000882363
-0.0011586
-0.00140555
-0.00162623
-0.00182529
-0.00200769
-0.00217856
-0.00234411
-0.00251045
-0.00268065
-0.00285394
-0.00303139
-0.0032116
-0.00338989
-0.0035653
-0.00373575
-0.00389762
-0.00404851
-0.00418704
-0.00431063
-0.0044203
-0.00451565
-0.00459632
-0.00466606
-0.00472939
-0.00478712
-0.00483928
-0.00489017
-0.00494273
-0.00499909
-0.00505816
-0.00511983
-0.00518676
-0.00526131
-0.00534009
-0.00541867
-0.00550002
-0.00558631
-0.00567465
-0.00575791
-0.00583686
-0.00591412
-0.0059885
-0.00606072
-0.00613287
-0.00620936
-0.00628829
-0.00637102
-0.00645588
-0.00653942
-0.00662048
-0.00669742
-0.00677338
-0.00684861
-0.00692655
-0.00700792
-0.00709125
-0.00717539
-0.00725731
-0.00733764
-0.00741599
-0.00749438
-0.00757489
-0.00765653
-0.00774116
-0.00782476
-0.00790847
-0.00799236
-0.00807337
-0.00815732
-0.00823777
-0.00831995
-0.00840611
-0.00848691
-0.00857118
-0.00865303
-0.0087324
-0.00881533
-0.00889184
-0.00897163
-0.00905289
-0.00912602
-0.00920162
-0.00927267
-0.00934139
-0.00941534
-0.00947985
-0.00280703
-0.00214253
-0.00131449
-0.000544843
5.92776e-05
0.000459592
0.000650629
0.000653732
0.000509959
0.000267608
-2.91744e-05
-0.000345662
-0.000658112
-0.000951345
-0.00121738
-0.00145393
-0.00166351
-0.00185088
-0.00202166
-0.00218094
-0.00233452
-0.00248765
-0.00264451
-0.00280537
-0.00297025
-0.00313924
-0.00330813
-0.0034749
-0.00363819
-0.00379555
-0.0039442
-0.00408336
-0.00421013
-0.00432444
-0.0044267
-0.00451612
-0.00459514
-0.00466745
-0.00473438
-0.00479494
-0.00485236
-0.00490972
-0.00496944
-0.00503129
-0.00509476
-0.00516146
-0.00523499
-0.00531497
-0.00539578
-0.00547784
-0.0055643
-0.00565443
-0.00573968
-0.00581919
-0.00589625
-0.00597075
-0.00604405
-0.00611679
-0.0061941
-0.00627486
-0.00635865
-0.00644388
-0.0065275
-0.00660827
-0.00668532
-0.0067617
-0.00683767
-0.00691672
-0.00699868
-0.00708262
-0.00716689
-0.00724872
-0.00732956
-0.00740813
-0.00748724
-0.00756803
-0.00764929
-0.00773422
-0.00781751
-0.00790164
-0.00798633
-0.00806718
-0.00815153
-0.00823137
-0.00831333
-0.00840023
-0.00848039
-0.00856537
-0.0086476
-0.00872574
-0.0088096
-0.00888597
-0.00896556
-0.00904804
-0.00912016
-0.00919603
-0.00926801
-0.00933617
-0.00941065
-0.0094758
-0.00297401
-0.00230706
-0.00147521
-0.000700504
-9.00378e-05
0.000317907
0.000517332
0.000529105
0.00039389
0.000160038
-0.00012806
-0.000435281
-0.000737735
-0.00102065
-0.00127646
-0.00150277
-0.00170173
-0.00187788
-0.00203723
-0.00218513
-0.0023272
-0.00246826
-0.00261247
-0.00276163
-0.00291511
-0.00307329
-0.00323317
-0.0033919
-0.00354816
-0.00370058
-0.0038466
-0.00398526
-0.0041142
-0.00423214
-0.00433974
-0.00443644
-0.00452335
-0.00460361
-0.00467865
-0.00474732
-0.00481136
-0.00487349
-0.00493686
-0.00500146
-0.0050672
-0.005135
-0.00520797
-0.00528844
-0.00537183
-0.00545575
-0.00554212
-0.00563299
-0.00572005
-0.00580008
-0.00587692
-0.00595166
-0.00602611
-0.00610029
-0.00617866
-0.00626091
-0.00634623
-0.00643159
-0.00651488
-0.00659526
-0.00667239
-0.00674964
-0.00682648
-0.00690682
-0.00698918
-0.00707332
-0.00715785
-0.00723944
-0.00732099
-0.00740011
-0.00747987
-0.00756115
-0.00764184
-0.00772671
-0.00780981
-0.00789436
-0.00798002
-0.00806088
-0.00814542
-0.00822477
-0.00830653
-0.00839416
-0.00847378
-0.00855917
-0.00864185
-0.00871907
-0.00880355
-0.00887986
-0.00895926
-0.00904288
-0.00911415
-0.00919007
-0.0092632
-0.00933077
-0.00940526
-0.00947107
-0.00313436
-0.00246482
-0.00162943
-0.000850197
-0.000234129
0.00018071
0.000387958
0.000407923
0.000280826
5.49102e-05
-0.000225077
-0.000523728
-0.000816843
-0.00108994
-0.00133586
-0.00155229
-0.00174106
-0.00190638
-0.00205444
-0.00219118
-0.00232236
-0.00245258
-0.00258534
-0.00272315
-0.00286592
-0.00301373
-0.00316489
-0.00331634
-0.0034661
-0.00361342
-0.00375626
-0.00389365
-0.00402349
-0.0041441
-0.00425557
-0.00435816
-0.00445188
-0.00453893
-0.00462115
-0.00469708
-0.00476768
-0.00483438
-0.00490129
-0.00496883
-0.00503697
-0.00510691
-0.00518045
-0.0052612
-0.00534671
-0.00543345
-0.00552016
-0.0056105
-0.00569889
-0.00577985
-0.00585652
-0.00593141
-0.00600694
-0.00608308
-0.00616343
-0.00624679
-0.00633319
-0.00641892
-0.00650149
-0.00658136
-0.00665874
-0.00673732
-0.00681533
-0.00689669
-0.00697956
-0.00706346
-0.00714813
-0.00722984
-0.00731196
-0.00739187
-0.00747225
-0.00755401
-0.00763424
-0.00771874
-0.00780189
-0.00788688
-0.00797327
-0.00805431
-0.00813905
-0.00821812
-0.00829961
-0.00838758
-0.00846699
-0.00855276
-0.00863576
-0.0087123
-0.00879725
-0.00887369
-0.00895285
-0.0090374
-0.00910809
-0.00918367
-0.00925809
-0.00932526
-0.00939911
-0.00946557
-0.00328797
-0.00261561
-0.00177675
-0.000993352
-0.000372257
4.86833e-05
0.000263057
0.000290601
0.000171183
-4.72332e-05
-0.000319573
-0.000610244
-0.000894808
-0.00115881
-0.00139537
-0.00160218
-0.00178103
-0.00193597
-0.00207342
-0.00219971
-0.00232075
-0.0024408
-0.00256299
-0.00269
-0.00282269
-0.00296105
-0.00310385
-0.00324847
-0.00339206
-0.00353418
-0.00367335
-0.00380872
-0.00393844
-0.00406089
-0.00417534
-0.00428249
-0.0043821
-0.00447489
-0.00456299
-0.00464496
-0.00472157
-0.00479304
-0.00486323
-0.00493364
-0.00500432
-0.00507685
-0.00515219
-0.00523374
-0.00532085
-0.00541064
-0.0054987
-0.00558796
-0.00567653
-0.00575835
-0.00583485
-0.00590978
-0.00598672
-0.00606522
-0.00614809
-0.00623289
-0.00631963
-0.00640566
-0.00648769
-0.00656681
-0.00664453
-0.00672451
-0.00680418
-0.00688652
-0.00696973
-0.00705331
-0.00713775
-0.00721969
-0.00730253
-0.00738346
-0.00746451
-0.00754666
-0.00762674
-0.00771072
-0.00779363
-0.00787893
-0.00796608
-0.00804756
-0.00813255
-0.0082114
-0.00829249
-0.00838071
-0.00846016
-0.00854611
-0.00862923
-0.00870536
-0.00879079
-0.0088676
-0.00894618
-0.00903134
-0.00910205
-0.00917698
-0.00925269
-0.00931969
-0.00939222
-0.00945927
-0.00343441
-0.00275898
-0.00191655
-0.0011292
-0.000503545
-7.72585e-05
0.000143442
0.000177898
6.56396e-05
-0.000145709
-0.000410952
-0.000694253
-0.000970983
-0.00122655
-0.00145429
-0.001652
-0.00182159
-0.00196706
-0.00209482
-0.00221121
-0.00232236
-0.00243272
-0.0025454
-0.00266272
-0.00278595
-0.00291542
-0.00305004
-0.00318784
-0.00332563
-0.00346271
-0.00359804
-0.00373107
-0.00386005
-0.00398344
-0.00410007
-0.00421058
-0.00431492
-0.00441247
-0.00450521
-0.00459231
-0.00467411
-0.00475016
-0.00482318
-0.00489605
-0.00496954
-0.0050449
-0.00512301
-0.00520639
-0.00529514
-0.00538744
-0.00547738
-0.0055657
-0.00565302
-0.0057352
-0.00581195
-0.00588731
-0.00596604
-0.00604715
-0.00613256
-0.00621929
-0.00630604
-0.00639144
-0.00647321
-0.00655162
-0.00662972
-0.00671159
-0.00679323
-0.00687648
-0.00695966
-0.00704277
-0.00712692
-0.00720917
-0.00729277
-0.0073749
-0.00745657
-0.00753918
-0.00761914
-0.00770242
-0.00778533
-0.00787081
-0.00795871
-0.00804065
-0.00812571
-0.0082049
-0.00828549
-0.00837352
-0.00845328
-0.00853914
-0.00862248
-0.00869855
-0.00878399
-0.00886155
-0.00893948
-0.00902463
-0.00909614
-0.00917016
-0.00924669
-0.00931394
-0.00938468
-0.00945208
-0.00357321
-0.00289466
-0.00204861
-0.00125742
-0.000627562
-0.000196519
2.97116e-05
7.03496e-05
-3.53976e-05
-0.000240144
-0.000498792
-0.000775199
-0.00104466
-0.00129248
-0.00151219
-0.0017017
-0.00186287
-0.00199957
-0.00211815
-0.00222518
-0.00232711
-0.00242867
-0.00253271
-0.00264117
-0.00275546
-0.00287658
-0.00300357
-0.00313471
-0.00326701
-0.00339934
-0.00353085
-0.00366121
-0.00378884
-0.00391235
-0.00403042
-0.00414338
-0.00425129
-0.00435293
-0.00444936
-0.00454036
-0.00462613
-0.004706
-0.00478181
-0.00485683
-0.00493322
-0.00501172
-0.00509306
-0.00517928
-0.00526998
-0.00536414
-0.00545584
-0.00554374
-0.00562906
-0.00571069
-0.00578824
-0.00586444
-0.00594512
-0.00602915
-0.00611692
-0.00620566
-0.00629255
-0.00637641
-0.00645759
-0.00653635
-0.00661501
-0.00669856
-0.00678245
-0.0068665
-0.00694942
-0.00703177
-0.00711572
-0.00719835
-0.00728257
-0.00736637
-0.00744844
-0.00753131
-0.00761169
-0.00769404
-0.00777726
-0.00786265
-0.00795074
-0.00803362
-0.00811865
-0.00819845
-0.00827876
-0.00836608
-0.00844641
-0.00853207
-0.00861554
-0.00869196
-0.00877696
-0.00885572
-0.0089331
-0.00901723
-0.00909015
-0.00916352
-0.00924035
-0.00930793
-0.00937659
-0.00944393
-0.00370347
-0.00302189
-0.0021723
-0.0013774
-0.000743627
-0.000308321
-7.729e-05
-3.12749e-05
-0.000131207
-0.000329893
-0.000582394
-0.000852523
-0.00111547
-0.00135647
-0.00156902
-0.00175109
-0.00190441
-0.00203298
-0.00214317
-0.00224175
-0.00233527
-0.00242848
-0.0025244
-0.0026248
-0.0027312
-0.00284465
-0.00296459
-0.00308927
-0.00321618
-0.00334399
-0.00347177
-0.00359941
-0.00372529
-0.00384838
-0.00396725
-0.00408206
-0.00419258
-0.00429736
-0.00439645
-0.00449004
-0.0045786
-0.00466143
-0.00473985
-0.00481699
-0.0048961
-0.00497808
-0.00506307
-0.00515272
-0.00524598
-0.00534144
-0.00543417
-0.00552175
-0.00560508
-0.00568525
-0.00576376
-0.00584181
-0.00592454
-0.00601165
-0.00610177
-0.00619186
-0.00627852
-0.00636082
-0.00644117
-0.00652102
-0.00660103
-0.00668572
-0.0067718
-0.00685638
-0.00693877
-0.00702056
-0.00710425
-0.00718778
-0.00727222
-0.00735735
-0.0074401
-0.007523
-0.00760441
-0.00768593
-0.00776919
-0.00785448
-0.00794227
-0.00802642
-0.00811142
-0.00819201
-0.00827246
-0.00835852
-0.00843953
-0.00852471
-0.00860831
-0.00868601
-0.00876993
-0.00884968
-0.0089271
-0.00900959
-0.00908426
-0.00915736
-0.00923379
-0.00930166
-0.0093685
-0.00943627
-0.00382469
-0.00314028
-0.00228734
-0.00148891
-0.000851454
-0.000412215
-0.000176923
-0.000126202
-0.000221053
-0.000414319
-0.000661289
-0.000925795
-0.001183
-0.00141796
-0.00162405
-0.00179929
-0.00194556
-0.00206699
-0.00216982
-0.00226076
-0.00234645
-0.00243191
-0.00252044
-0.00261373
-0.00271307
-0.00281943
-0.00293256
-0.00305109
-0.00317283
-0.00329653
-0.00342086
-0.00354577
-0.0036699
-0.00379231
-0.00391167
-0.0040276
-0.00413983
-0.00424665
-0.00434753
-0.00444252
-0.00453249
-0.00461731
-0.004698
-0.00477753
-0.00485944
-0.00494527
-0.00503434
-0.0051275
-0.0052234
-0.00531974
-0.00541249
-0.00549932
-0.00558118
-0.00565999
-0.00573946
-0.00582028
-0.00590558
-0.00599544
-0.00608727
-0.00617769
-0.00626387
-0.00634532
-0.00642469
-0.00650579
-0.00658816
-0.00667353
-0.00676117
-0.00684629
-0.00692787
-0.00700937
-0.0070929
-0.00717727
-0.00726177
-0.00734784
-0.00743166
-0.00751469
-0.00759705
-0.0076779
-0.00776113
-0.00784622
-0.00793331
-0.00801857
-0.00810361
-0.00818548
-0.00826633
-0.00835044
-0.00843212
-0.00851687
-0.00860058
-0.00868024
-0.00876244
-0.00884296
-0.00892109
-0.0090013
-0.00907768
-0.00915099
-0.00922651
-0.00929449
-0.00935945
-0.00942668
-0.00393577
-0.00324881
-0.00239282
-0.00159107
-0.000950257
-0.000507457
-0.000268505
-0.000213808
-0.000304426
-0.000493057
-0.00073516
-0.000994661
-0.00124676
-0.00147646
-0.00167689
-0.00184622
-0.0019863
-0.0021015
-0.00219777
-0.00228194
-0.00236052
-0.00243896
-0.00252062
-0.0026074
-0.00270028
-0.00280015
-0.002907
-0.00301984
-0.00313685
-0.00325656
-0.00337782
-0.00350021
-0.00362289
-0.00374454
-0.00386412
-0.00398062
-0.0040936
-0.00420139
-0.00430285
-0.0043982
-0.00448831
-0.00457426
-0.00465684
-0.004739
-0.00482415
-0.00491419
-0.00500771
-0.00510436
-0.00520256
-0.00529925
-0.00539107
-0.00547653
-0.00555754
-0.00563583
-0.00571667
-0.00580103
-0.00588924
-0.00598099
-0.00607374
-0.006164
-0.00624909
-0.00633037
-0.00640965
-0.00649192
-0.00657745
-0.00666343
-0.00675145
-0.00683685
-0.00691812
-0.00699969
-0.00708313
-0.00716845
-0.00725281
-0.00733942
-0.00742401
-0.00750719
-0.00759098
-0.00767152
-0.00775498
-0.00783946
-0.00792516
-0.00801178
-0.00809666
-0.00818009
-0.00826203
-0.00834338
-0.00842591
-0.00851024
-0.00859334
-0.00867608
-0.00875644
-0.00883678
-0.00891621
-0.00899407
-0.00907207
-0.00914607
-0.00922007
-0.00928789
-0.00935184
-0.00941947
-0.00403656
-0.00334751
-0.00248889
-0.00168414
-0.00104023
-0.000594281
-0.000352136
-0.00029409
-0.000381021
-0.000565661
-0.000803453
-0.00105866
-0.0013064
-0.00153178
-0.00172749
-0.00189183
-0.00202653
-0.00213636
-0.00222711
-0.00230562
-0.00237818
-0.00245035
-0.00252583
-0.00260662
-0.00269371
-0.00278751
-0.00288846
-0.00299584
-0.00310858
-0.00322474
-0.00334335
-0.00346356
-0.00358497
-0.00370608
-0.00382546
-0.00394188
-0.00405425
-0.00416173
-0.00426241
-0.00435692
-0.00444605
-0.00453203
-0.00461624
-0.00470136
-0.00479046
-0.00488469
-0.00498251
-0.00508194
-0.00518124
-0.00527717
-0.00536734
-0.00545116
-0.00553196
-0.00561118
-0.00569386
-0.00578168
-0.00587262
-0.00596567
-0.006058
-0.00614763
-0.00623176
-0.00631334
-0.0063941
-0.00647723
-0.00656544
-0.00665202
-0.00673928
-0.00682499
-0.00690655
-0.00698874
-0.00707226
-0.0071585
-0.00724224
-0.00732862
-0.00741427
-0.00749781
-0.00758375
-0.00766437
-0.00774735
-0.00783168
-0.00791546
-0.00800299
-0.00808832
-0.00817297
-0.00825708
-0.00833571
-0.00841813
-0.00850277
-0.00858484
-0.00867075
-0.00874974
-0.00882883
-0.00891014
-0.00898615
-0.0090654
-0.00914079
-0.00921285
-0.00927977
-0.00934313
-0.00941029
-0.00412427
-0.00343425
-0.00257393
-0.00176693
-0.00112048
-0.000672015
-0.000427367
-0.000366778
-0.000450853
-0.000632363
-0.000866781
-0.00111864
-0.00136305
-0.00158505
-0.00177715
-0.00193749
-0.00206797
-0.00217343
-0.00225989
-0.00233387
-0.00240154
-0.00246829
-0.00253832
-0.00261383
-0.0026959
-0.00278463
-0.00288056
-0.00298343
-0.00309253
-0.00320607
-0.00332277
-0.00344178
-0.00356243
-0.00368335
-0.00380243
-0.00391808
-0.00402886
-0.0041344
-0.00423327
-0.00432597
-0.00441389
-0.00449991
-0.00458629
-0.00467519
-0.00476829
-0.00486627
-0.00496719
-0.00506816
-0.00516702
-0.00526101
-0.00534958
-0.00543232
-0.00551345
-0.00559469
-0.00567945
-0.00576998
-0.00586271
-0.00595612
-0.00604727
-0.00613589
-0.00621984
-0.00630162
-0.00638461
-0.00646861
-0.00655761
-0.00664515
-0.00673098
-0.00681627
-0.00689895
-0.00698216
-0.00706583
-0.0071524
-0.00723553
-0.007321
-0.00740755
-0.00749133
-0.00757863
-0.00766037
-0.00774256
-0.00782654
-0.00790898
-0.007996
-0.00808206
-0.00816823
-0.0082541
-0.00833088
-0.00841247
-0.00849698
-0.00857827
-0.0086669
-0.00874547
-0.00882303
-0.00890533
-0.00898
-0.0090602
-0.00913742
-0.00920743
-0.00927207
-0.0093355
-0.00940361
-0.00419237
-0.00350077
-0.00263847
-0.00182916
-0.00118033
-0.000729577
-0.000482877
-0.000420217
-0.000502067
-0.000681001
-0.000912701
-0.00116177
-0.00140352
-0.00162286
-0.00181215
-0.00196934
-0.00209629
-0.0021981
-0.00228082
-0.002351
-0.00241431
-0.00247629
-0.00254122
-0.00261199
-0.00268962
-0.00277418
-0.00286607
-0.00296538
-0.00307204
-0.00318425
-0.00330048
-0.00341917
-0.00353975
-0.00366051
-0.00377921
-0.00389337
-0.00400179
-0.0041045
-0.00420099
-0.00429204
-0.00437894
-0.00446556
-0.00455404
-0.00464681
-0.00474363
-0.00484453
-0.00494769
-0.00504935
-0.00514774
-0.00524003
-0.00532782
-0.00541061
-0.00549251
-0.00557619
-0.00566317
-0.0057556
-0.00584954
-0.0059433
-0.00603381
-0.00612147
-0.00620581
-0.00628802
-0.0063727
-0.0064583
-0.00654732
-0.00663575
-0.00672127
-0.00680588
-0.00688991
-0.00697438
-0.00705825
-0.00714516
-0.00722821
-0.00731254
-0.00739914
-0.00748371
-0.00757186
-0.00765527
-0.00773745
-0.00782043
-0.00790251
-0.00798906
-0.00807492
-0.00816264
-0.00825022
-0.00832578
-0.00840716
-0.00849118
-0.00857129
-0.00866266
-0.008741
-0.00881731
-0.0089008
-0.00897416
-0.00905511
-0.00913429
-0.00920293
-0.00926489
-0.00932825
-0.00939827
-0.00426867
-0.00357703
-0.00271426
-0.00190396
-0.00125382
-0.000801621
-0.000553522
-0.000489477
-0.000569812
-0.000747032
-0.000976835
-0.00122403
-0.00146395
-0.00168159
-0.00186898
-0.00202401
-0.00214831
-0.00224724
-0.00232683
-0.00239372
-0.00245327
-0.002511
-0.00257134
-0.00263758
-0.00271105
-0.00279171
-0.00288014
-0.00297638
-0.00308092
-0.0031917
-0.0033071
-0.00342491
-0.00354459
-0.00366426
-0.00378149
-0.00389373
-0.00399951
-0.00409946
-0.00419315
-0.00428212
-0.00436723
-0.00445288
-0.00454132
-0.00463494
-0.00473322
-0.00483492
-0.0049388
-0.0050404
-0.00513827
-0.00522954
-0.00531638
-0.00539912
-0.00548116
-0.00556596
-0.00565419
-0.0057476
-0.00584212
-0.0059358
-0.006026
-0.00611295
-0.00619728
-0.00627977
-0.00636496
-0.00645151
-0.00654045
-0.00662892
-0.00671451
-0.00679848
-0.00688279
-0.0069683
-0.0070525
-0.00713934
-0.00722236
-0.0073059
-0.00739221
-0.00747716
-0.00756542
-0.00764976
-0.0077324
-0.00781497
-0.0078968
-0.00798283
-0.00806826
-0.00815656
-0.00824564
-0.00832097
-0.00840181
-0.00848603
-0.00856481
-0.00865745
-0.00873654
-0.00881138
-0.00889556
-0.00896822
-0.00904894
-0.00912985
-0.00919779
-0.00925747
-0.00931911
-0.00938881
)
;

boundaryField
{
    zeroGradientPlanes
    {
        type            zeroGradient;
    }
    inlet
    {
        type            zeroGradient;
    }
    plate
    {
        type            zeroGradient;
    }
    frontAndBack
    {
        type            empty;
    }
}


// ************************************************************************* //
