/*--------------------------------*- C++ -*----------------------------------*\
| =========                 |                                                 |
| \\      /  F ield         | OpenFOAM: The Open Source CFD Toolbox           |
|  \\    /   O peration     | Version:  v2106                                 |
|   \\  /    A nd           | Website:  www.openfoam.com                      |
|    \\/     M anipulation  |                                                 |
\*---------------------------------------------------------------------------*/
FoamFile
{
    version     2.0;
    format      ascii;
    arch        "LSB;label=32;scalar=64";
    class       volScalarField;
    location    "1.4";
    object      p;
}
// * * * * * * * * * * * * * * * * * * * * * * * * * * * * * * * * * * * * * //

dimensions      [0 2 -2 0 0 0 0];

internalField   nonuniform List<scalar> 
4800
(
-3.22393e-09
-0.000110061
-0.000237283
-0.000319352
-0.000412466
-0.000523169
-0.000651864
-0.000675019
-0.000656563
-0.000656552
-0.000664413
-0.000588008
-0.000495913
-0.00036993
-0.000168156
0.000104542
0.000455852
0.000932721
0.00152111
0.00220122
4.78403e-06
-0.00011344
-0.0002353
-0.00032259
-0.000408167
-0.000525659
-0.000641023
-0.000676315
-0.000652524
-0.000658582
-0.000649439
-0.000589707
-0.000490823
-0.000372823
-0.000163274
9.89181e-05
0.000454959
0.000885771
0.00134042
0.00183826
6.70817e-06
-0.0001155
-0.000234063
-0.000323178
-0.000407125
-0.000526079
-0.000637504
-0.000675609
-0.000651343
-0.000658022
-0.000649689
-0.000587437
-0.000491933
-0.000373218
-0.000166367
8.51271e-05
0.00040938
0.000776871
0.00115578
0.00156335
1.07407e-05
-0.000118013
-0.000232682
-0.000324473
-0.000405185
-0.000525473
-0.000633923
-0.000672288
-0.000652391
-0.000653866
-0.000645129
-0.000582721
-0.000487531
-0.000372754
-0.000180076
6.25445e-05
0.000343611
0.000654071
0.0009567
0.00131524
1.42473e-05
-0.000119734
-0.000232108
-0.000324509
-0.000408428
-0.000523288
-0.000632688
-0.000668105
-0.000652902
-0.000649713
-0.000637793
-0.000577902
-0.000486749
-0.000376287
-0.000198763
2.34493e-05
0.000257156
0.00048459
0.000745387
0.00108932
1.78842e-05
-0.000120036
-0.000232492
-0.00032357
-0.000409746
-0.000519091
-0.000630297
-0.0006647
-0.000650704
-0.000644084
-0.000630745
-0.000573786
-0.00048868
-0.000383045
-0.000226039
-4.25478e-05
0.000109736
0.000300607
0.000557239
0.000891045
2.10525e-05
-0.000118362
-0.000234003
-0.000320333
-0.000412163
-0.000516502
-0.000624479
-0.000661171
-0.000647273
-0.000638396
-0.000624815
-0.000571535
-0.000492227
-0.000398941
-0.000276492
-0.000171742
-4.34836e-05
0.000147504
0.000396291
0.000707235
2.36714e-05
-0.000114154
-0.000236818
-0.000319312
-0.000411431
-0.000515341
-0.000618385
-0.000655235
-0.000642536
-0.000633456
-0.000619848
-0.00057193
-0.000502724
-0.00044349
-0.000393523
-0.000294992
-0.000159563
1.86917e-05
0.000238935
0.000519303
2.54221e-05
-0.000107401
-0.000237497
-0.00032126
-0.000409311
-0.000510899
-0.000612023
-0.000649657
-0.000637687
-0.000629347
-0.000618013
-0.000583603
-0.000541617
-0.000538376
-0.000491832
-0.000384975
-0.000257701
-0.000111283
7.34022e-05
0.000324339
2.71706e-05
-0.00010039
-0.000235008
-0.000322995
-0.00040904
-0.000502973
-0.000603944
-0.000645226
-0.000633778
-0.000626916
-0.000623233
-0.000616719
-0.000633974
-0.000620832
-0.000558342
-0.00046064
-0.000361301
-0.00025055
-0.000100615
0.000123653
2.8244e-05
-9.28725e-05
-0.000228866
-0.000321413
-0.000410497
-0.000497886
-0.000593843
-0.000641118
-0.000632429
-0.000631835
-0.000656068
-0.000702442
-0.000702103
-0.00067199
-0.000615511
-0.000544168
-0.000476387
-0.000400151
-0.00028163
-8.02057e-05
2.83731e-05
-8.4631e-05
-0.000220394
-0.000314869
-0.000408402
-0.000496754
-0.000587247
-0.0006373
-0.000639315
-0.000664251
-0.000731934
-0.000751521
-0.000739812
-0.000719264
-0.000683789
-0.000640171
-0.000603479
-0.000558412
-0.00046735
-0.000285621
2.88499e-05
-7.58374e-05
-0.00020994
-0.000302382
-0.000399383
-0.000499662
-0.000590938
-0.000641083
-0.000664985
-0.000726987
-0.000776648
-0.000783059
-0.000778332
-0.000776179
-0.000765021
-0.000748357
-0.000739314
-0.000722216
-0.000656217
-0.000490666
2.79447e-05
-6.42105e-05
-0.000197116
-0.000289369
-0.000381771
-0.000499803
-0.00060846
-0.000675444
-0.000712033
-0.000757588
-0.000803402
-0.000818864
-0.000826442
-0.000844016
-0.000856983
-0.000865188
-0.000880977
-0.000889649
-0.000846151
-0.000694469
3.00703e-05
-5.46648e-05
-0.000180994
-0.000276607
-0.000366438
-0.000496657
-0.00063967
-0.000731818
-0.000759552
-0.000784213
-0.000830025
-0.000860082
-0.000883134
-0.000919285
-0.000955849
-0.000988577
-0.00102775
-0.00105943
-0.00103601
-0.000896925
3.35744e-05
-4.39922e-05
-0.000161196
-0.000263646
-0.000364986
-0.000506369
-0.000667476
-0.000772902
-0.000802088
-0.000820504
-0.000864507
-0.00090719
-0.000946658
-0.00100103
-0.00106086
-0.00111814
-0.00117946
-0.00123129
-0.00122596
-0.00109892
4.18499e-05
-3.1401e-05
-0.000145396
-0.000250947
-0.000371712
-0.000530332
-0.000691814
-0.000803015
-0.000845824
-0.000866227
-0.000909306
-0.000961673
-0.0010168
-0.00108905
-0.00117142
-0.00125301
-0.00133533
-0.00140492
-0.0014158
-0.00130035
5.37724e-05
-1.56634e-05
-0.000134714
-0.000246138
-0.000380663
-0.000557679
-0.000721644
-0.000834247
-0.000886704
-0.000914348
-0.000960581
-0.00102261
-0.0010934
-0.00118337
-0.00128731
-0.0013926
-0.00149474
-0.00158011
-0.00160502
-0.00150017
6.82738e-05
4.15633e-06
-0.000125047
-0.000254569
-0.000395024
-0.000582625
-0.000755463
-0.000868148
-0.000926533
-0.00096408
-0.00101773
-0.00109076
-0.00117712
-0.00128433
-0.00140864
-0.00153641
-0.00165779
-0.00175757
-0.00179426
-0.00169846
8.51886e-05
2.55196e-05
-0.000116044
-0.000271883
-0.000420202
-0.000606084
-0.000785452
-0.000904438
-0.000969558
-0.00101688
-0.00108097
-0.00116674
-0.00126869
-0.00139233
-0.0015352
-0.00168377
-0.00182375
-0.00193701
-0.00198358
-0.00189505
0.000104725
4.6291e-05
-0.000109282
-0.000292225
-0.000452348
-0.000633784
-0.000816172
-0.000943086
-0.00101642
-0.00107349
-0.00114935
-0.00124933
-0.00136733
-0.00150696
-0.00166664
-0.00183403
-0.00199155
-0.00211753
-0.00217248
-0.00208958
0.000125089
6.49694e-05
-0.000104898
-0.000312705
-0.000487054
-0.000666434
-0.000850299
-0.000985441
-0.00106784
-0.00113482
-0.00122232
-0.00133759
-0.00147231
-0.00162785
-0.00180295
-0.0019869
-0.00216038
-0.00229827
-0.00236046
-0.00228166
0.0001447
8.08825e-05
-0.000101301
-0.000332583
-0.000524245
-0.000703305
-0.000887941
-0.00103238
-0.00112555
-0.00120227
-0.00130033
-0.00143048
-0.00158251
-0.00175407
-0.00194387
-0.00214226
-0.00232962
-0.00247824
-0.00254675
-0.00247085
0.00016282
9.38203e-05
-9.89609e-05
-0.000351218
-0.000563503
-0.000745228
-0.000929417
-0.00108366
-0.00118948
-0.00127677
-0.00138442
-0.00152755
-0.00169663
-0.00188467
-0.00208869
-0.00229976
-0.00249867
-0.00265651
-0.00273059
-0.0026569
0.000178778
0.000103145
-9.83097e-05
-0.00036826
-0.000603431
-0.000792781
-0.000976203
-0.00113807
-0.00125862
-0.00135826
-0.00147525
-0.00162935
-0.00181367
-0.00201819
-0.00223617
-0.00245853
-0.00266715
-0.00283273
-0.00291181
-0.00283992
0.000192198
0.000109362
-0.00010048
-0.000384482
-0.000642827
-0.00084509
-0.00102922
-0.00119663
-0.00133147
-0.00144613
-0.0015733
-0.00173671
-0.00193379
-0.00215318
-0.00238464
-0.0026174
-0.00283447
-0.0030066
-0.00308992
-0.00301946
0.000202696
0.000112059
-0.000105989
-0.000400892
-0.000681367
-0.000900929
-0.00108868
-0.00125996
-0.00140754
-0.00153873
-0.00167807
-0.00185004
-0.00205733
-0.00228884
-0.00253247
-0.00277512
-0.00299966
-0.00317734
-0.00326408
-0.00319471
0.000209951
0.0001118
-0.000115795
-0.000419677
-0.000718774
-0.000958548
-0.0011547
-0.00132917
-0.00148665
-0.001634
-0.00178745
-0.0019685
-0.0021839
-0.00242518
-0.00267915
-0.00293091
-0.00316206
-0.00334431
-0.0034337
-0.00336502
0.000213277
0.0001084
-0.000129221
-0.000442044
-0.00075601
-0.00101537
-0.00122491
-0.00140472
-0.00156981
-0.00173125
-0.00189939
-0.00209076
-0.00231294
-0.00256156
-0.00282394
-0.00308353
-0.00332076
-0.00350691
-0.00359847
-0.00353015
0.00021245
0.000100007
-0.000145974
-0.000467837
-0.000795173
-0.00107259
-0.0012968
-0.00148494
-0.0016571
-0.00183013
-0.00201228
-0.00221482
-0.00244402
-0.00269806
-0.0029667
-0.00323244
-0.00347467
-0.00366418
-0.00375745
-0.00368932
0.000207354
8.9804e-05
-0.000166218
-0.000497378
-0.000835673
-0.00112989
-0.00137029
-0.00156822
-0.00174792
-0.00193057
-0.0021247
-0.0023382
-0.00257499
-0.00283427
-0.00310733
-0.00337753
-0.0036233
-0.00381533
-0.00390984
-0.00384174
0.000197903
7.58883e-05
-0.000188976
-0.000530623
-0.000878763
-0.00118663
-0.00144363
-0.00165313
-0.00184118
-0.00203304
-0.00223669
-0.00245946
-0.00270351
-0.00296818
-0.00324487
-0.00351801
-0.00376612
-0.00395956
-0.00405481
-0.00398651
0.000184255
5.80398e-05
-0.000214363
-0.000565896
-0.000924307
-0.00124417
-0.00151533
-0.00173758
-0.00193508
-0.00213559
-0.00234771
-0.00257816
-0.00282838
-0.00309783
-0.00337787
-0.00365296
-0.00390253
-0.00409654
-0.00419186
-0.00412307
0.000166628
3.63395e-05
-0.000242592
-0.000601987
-0.000970152
-0.00130231
-0.00158634
-0.00182006
-0.00202739
-0.00223626
-0.00245629
-0.00269345
-0.00294866
-0.00322194
-0.00350481
-0.00378153
-0.00403186
-0.00422591
-0.00432065
-0.00425093
0.000145193
1.18444e-05
-0.000272535
-0.000639643
-0.00101627
-0.0013577
-0.00165434
-0.0019006
-0.00211705
-0.00233376
-0.00256061
-0.0028037
-0.00306348
-0.00333949
-0.00362422
-0.00390222
-0.00415308
-0.00434693
-0.00444079
-0.00436971
0.000120796
-1.51954e-05
-0.000303371
-0.000675366
-0.00106133
-0.00141207
-0.00171757
-0.00197639
-0.00220271
-0.00242618
-0.00265921
-0.00290725
-0.00317171
-0.00344981
-0.00373541
-0.00401418
-0.00426533
-0.00445894
-0.00455169
-0.00447899
9.42907e-05
-4.39704e-05
-0.00033456
-0.000709167
-0.00110179
-0.00146261
-0.00177547
-0.00204444
-0.00228263
-0.00251225
-0.00275053
-0.00300297
-0.00327079
-0.00355094
-0.00383666
-0.00411574
-0.00436699
-0.00456059
-0.00465245
-0.00457825
6.67297e-05
-7.25778e-05
-0.000363832
-0.000740184
-0.00113707
-0.00150575
-0.00182701
-0.00210475
-0.00235245
-0.00258862
-0.00283097
-0.00308744
-0.00335824
-0.00364008
-0.00392593
-0.00420449
-0.00445559
-0.00464899
-0.00474022
-0.00466482
4.19945e-05
-9.7659e-05
-0.000388875
-0.000765649
-0.00116697
-0.00154066
-0.0018671
-0.00215385
-0.00240933
-0.00265126
-0.0028972
-0.00315608
-0.00342958
-0.00371227
-0.00399805
-0.00427554
-0.00452621
-0.00471947
-0.0048101
-0.00473331
1.8507e-05
-0.000122195
-0.000414058
-0.000790652
-0.00119416
-0.00157462
-0.00190574
-0.00220001
-0.00246507
-0.00271209
-0.00296183
-0.00322402
-0.003501
-0.00378583
-0.00407209
-0.00434983
-0.00460093
-0.00479507
-0.00488613
-0.00480934
0.00295617
0.00316193
0.00307762
0.00299918
0.00294037
0.00283637
0.00265004
0.00238641
0.00207119
0.00173104
0.00138333
0.00103603
0.000692539
0.000354159
1.45515e-05
-0.000338588
-0.000715338
-0.00112352
-0.0015719
-0.00207251
-0.00263529
-0.00326628
-0.00396444
-0.00471664
-0.00548247
-0.00619661
-0.00677859
-0.00715088
-0.00727242
-0.00716085
-0.00688947
-0.00654484
-0.00619571
-0.00588273
-0.00562528
-0.00542956
-0.00529513
-0.00521444
-0.00517853
-0.00517592
-0.00519697
-0.00523469
-0.00528275
-0.00533708
-0.00539701
-0.00546242
-0.00552603
-0.00558883
-0.00565429
-0.00571985
-0.0057842
-0.00584694
-0.00591262
-0.00597836
-0.00604239
-0.00610585
-0.00616966
-0.00623251
-0.00629377
-0.00635557
-0.0064178
-0.00648166
-0.00654529
-0.00660919
-0.00667347
-0.00673698
-0.00679956
-0.00686133
-0.00692449
-0.0069885
-0.00705542
-0.00711965
-0.00718668
-0.00725424
-0.00731783
-0.0073858
-0.00745182
-0.00751887
-0.00759055
-0.00765562
-0.00772627
-0.00779467
-0.00785969
-0.00793298
-0.00799446
-0.00806079
-0.00813303
-0.00818911
-0.00825684
-0.00832306
-0.00837312
-0.00843721
-0.0084951
-0.00854168
-0.00860217
-0.00864544
-0.00867933
-0.0087331
-0.00876342
-0.00878221
0.00237561
0.00279355
0.00297133
0.00298374
0.00292371
0.00280431
0.00261363
0.00235372
0.00204312
0.00170564
0.00135898
0.00101208
0.000668859
0.000331049
-7.50672e-06
-0.000359456
-0.000735033
-0.00114171
-0.0015878
-0.00208507
-0.00264356
-0.00326877
-0.00395905
-0.00470018
-0.00545365
-0.0061566
-0.00673329
-0.00711017
-0.00724089
-0.00713804
-0.00687298
-0.00653235
-0.00618522
-0.0058741
-0.00561817
-0.00542352
-0.00528978
-0.00520956
-0.00517403
-0.00517171
-0.00519298
-0.00523094
-0.00527919
-0.00533369
-0.00539379
-0.00545944
-0.00552323
-0.0055862
-0.00565185
-0.00571759
-0.00578211
-0.00584497
-0.0059108
-0.00597668
-0.0060408
-0.00610436
-0.00616827
-0.0062312
-0.00629254
-0.00635443
-0.00641672
-0.00648064
-0.00654432
-0.00660826
-0.00667258
-0.00673613
-0.00679876
-0.00686056
-0.00692375
-0.00698779
-0.00705475
-0.00711899
-0.00718604
-0.00725364
-0.00731723
-0.00738524
-0.00745127
-0.00751833
-0.00759006
-0.00765513
-0.00772581
-0.00779424
-0.00785925
-0.0079326
-0.00799407
-0.00806042
-0.00813271
-0.00818877
-0.00825653
-0.0083228
-0.00837283
-0.00843697
-0.00849488
-0.00854145
-0.00860198
-0.00864527
-0.00867912
-0.00873296
-0.00876328
-0.00878204
0.00205539
0.0025732
0.00291263
0.00301635
0.00295926
0.00281166
0.00259925
0.00233124
0.00201947
0.00168163
0.0013337
0.000985054
0.000640266
0.000301486
-3.69432e-05
-0.000388009
-0.000762656
-0.00116827
-0.00161204
-0.00210487
-0.0026565
-0.00327172
-0.00394731
-0.00466629
-0.00539213
-0.00606749
-0.0066249
-0.00699774
-0.00714282
-0.00706654
-0.00682741
-0.00650513
-0.00616919
-0.00586457
-0.00561407
-0.00542356
-0.00529208
-0.00521255
-0.00517686
-0.00517403
-0.00519469
-0.00523201
-0.00527973
-0.00533378
-0.00539345
-0.00545874
-0.00552225
-0.00558504
-0.00565054
-0.00571617
-0.00578065
-0.00584348
-0.0059093
-0.00597515
-0.00603926
-0.00610281
-0.00616671
-0.00622967
-0.00629106
-0.00635303
-0.00641541
-0.00647943
-0.00654317
-0.00660715
-0.0066715
-0.00673508
-0.00679776
-0.00685964
-0.00692292
-0.00698701
-0.00705402
-0.00711828
-0.00718535
-0.00725298
-0.0073166
-0.00738467
-0.00745073
-0.00751781
-0.00758958
-0.00765465
-0.00772535
-0.00779381
-0.00785882
-0.00793222
-0.00799369
-0.00806005
-0.00813239
-0.00818842
-0.00825622
-0.00832253
-0.00837254
-0.00843673
-0.00849465
-0.00854122
-0.0086018
-0.00864511
-0.00867895
-0.00873286
-0.00876328
-0.00878201
0.0017927
0.00235094
0.00278532
0.00297502
0.00295243
0.00280001
0.00257121
0.00229291
0.00197861
0.00164141
0.00129417
0.000945625
0.000600578
0.000261628
-7.61863e-05
-0.000426133
-0.00079976
-0.00120371
-0.00164391
-0.00213023
-0.00267211
-0.00327336
-0.00392885
-0.00462132
-0.00531558
-0.00596019
-0.00649541
-0.0068632
-0.00702401
-0.00697786
-0.00676974
-0.00647065
-0.0061492
-0.00585325
-0.00560835
-0.00542152
-0.00529203
-0.00521312
-0.00517723
-0.0051739
-0.00519389
-0.00523055
-0.00527783
-0.00533154
-0.00539081
-0.00545573
-0.00551909
-0.00558184
-0.00564727
-0.0057129
-0.00577751
-0.00584049
-0.00590642
-0.00597234
-0.00603654
-0.00610016
-0.00616409
-0.00622712
-0.00628864
-0.00635078
-0.00641336
-0.00647756
-0.00654144
-0.00660551
-0.0066699
-0.00673349
-0.00679624
-0.00685825
-0.00692167
-0.00698586
-0.00705295
-0.00711724
-0.00718432
-0.00725196
-0.0073156
-0.00738375
-0.00744987
-0.00751698
-0.00758876
-0.00765384
-0.00772456
-0.00779304
-0.00785804
-0.00793148
-0.00799295
-0.00805935
-0.00813172
-0.00818775
-0.00825557
-0.00832191
-0.00837193
-0.00843618
-0.00849412
-0.00854068
-0.00860132
-0.00864471
-0.00867859
-0.00873252
-0.00876325
-0.00878198
0.00156034
0.00213293
0.00262725
0.00289417
0.00292648
0.0027892
0.0025536
0.00226458
0.00194346
0.00160315
0.00125454
0.000905485
0.000560178
0.000221212
-0.000115976
-0.000464712
-0.000836936
-0.00123852
-0.00167429
-0.00215292
-0.00268345
-0.00326874
-0.00390163
-0.00456523
-0.00522777
-0.00584262
-0.00635657
-0.00671917
-0.00689434
-0.00687751
-0.00670231
-0.00642977
-0.00612577
-0.00584014
-0.00560098
-0.00541753
-0.00529007
-0.0052122
-0.00517657
-0.00517306
-0.00519263
-0.00522876
-0.00527567
-0.00532911
-0.00538793
-0.00545241
-0.00551562
-0.00557831
-0.00564361
-0.00570918
-0.0057739
-0.00583703
-0.00590302
-0.00596898
-0.00603323
-0.00609687
-0.00616076
-0.00622382
-0.00628547
-0.00634781
-0.00641062
-0.00647505
-0.00653909
-0.00660327
-0.00666768
-0.00673127
-0.00679409
-0.00685628
-0.00691991
-0.00698425
-0.00705143
-0.00711579
-0.00718283
-0.00725046
-0.00731416
-0.0073824
-0.00744862
-0.00751578
-0.00758755
-0.00765265
-0.00772337
-0.00779186
-0.00785688
-0.00793033
-0.00799182
-0.00805827
-0.00813063
-0.00818668
-0.00825449
-0.00832088
-0.00837094
-0.00843524
-0.00849323
-0.00853978
-0.00860044
-0.008644
-0.00867802
-0.00873185
-0.00876308
-0.00878189
0.00134976
0.00192395
0.00245924
0.00279064
0.00288304
0.00277677
0.00254531
0.0022467
0.00191452
0.00156658
0.00121372
0.000862759
0.000516917
0.00017821
-0.000157985
-0.000504974
-0.000875008
-0.00127349
-0.00170412
-0.00217423
-0.00269201
-0.00325988
-0.00386939
-0.00450409
-0.00513566
-0.00572207
-0.00621574
-0.00657271
-0.00676034
-0.00677093
-0.0066287
-0.00638453
-0.00610027
-0.0058264
-0.00559342
-0.00541325
-0.00528768
-0.00521084
-0.0051756
-0.00517206
-0.00519131
-0.00522696
-0.0052735
-0.00532662
-0.00538494
-0.00544892
-0.00551191
-0.0055745
-0.0056396
-0.00570508
-0.00576989
-0.00583316
-0.0058992
-0.00596517
-0.00602945
-0.00609309
-0.00615689
-0.00621997
-0.00628178
-0.00634434
-0.0064074
-0.00647209
-0.00653633
-0.00660061
-0.00666502
-0.00672859
-0.0067915
-0.0068539
-0.00691776
-0.00698227
-0.00704955
-0.00711401
-0.00718097
-0.00724856
-0.00731235
-0.00738069
-0.00744703
-0.00751424
-0.00758597
-0.00765114
-0.0077218
-0.00779031
-0.00785535
-0.00792877
-0.0079903
-0.00805679
-0.00812911
-0.00818524
-0.00825297
-0.0083194
-0.00836955
-0.00843385
-0.00849193
-0.00853847
-0.00859907
-0.00864294
-0.00867719
-0.00873079
-0.0087627
-0.00878167
0.00114593
0.00171882
0.00228428
0.00266935
0.00282007
0.00275401
0.00253654
0.00223311
0.00188924
0.00153092
0.00117122
0.0008166
0.000469515
0.000131119
-0.000203625
-0.000548095
-0.000915085
-0.00130972
-0.0017344
-0.00219503
-0.00269875
-0.0032479
-0.00383375
-0.00443995
-0.00504105
-0.0056001
-0.00607449
-0.00642529
-0.00662302
-0.00665852
-0.00654858
-0.00633425
-0.00607192
-0.00581145
-0.00558541
-0.00540857
-0.00528474
-0.0052088
-0.00517395
-0.00517048
-0.0051895
-0.00522473
-0.00527093
-0.00532376
-0.0053816
-0.00544507
-0.00550779
-0.00557025
-0.00563515
-0.00570054
-0.00576544
-0.00582885
-0.00589495
-0.00596094
-0.00602526
-0.0060889
-0.00615261
-0.00621571
-0.00627769
-0.0063405
-0.00640386
-0.00646883
-0.00653329
-0.00659768
-0.00666207
-0.0067256
-0.00678861
-0.00685125
-0.00691539
-0.00698006
-0.00704744
-0.00711202
-0.00717888
-0.00724641
-0.00731029
-0.00737876
-0.00744523
-0.00751248
-0.00758414
-0.0076494
-0.00771998
-0.00778852
-0.00785356
-0.00792692
-0.00798852
-0.00805503
-0.00812727
-0.00818352
-0.00825112
-0.00831759
-0.00836786
-0.00843213
-0.00849033
-0.00853687
-0.00859733
-0.00864161
-0.00867616
-0.00872942
-0.00876208
-0.00878133
0.00093903
0.00151247
0.00210381
0.00253489
0.00273899
0.00271746
0.0025217
0.00221993
0.00186652
0.00149666
0.00112799
0.00076762
0.000417969
7.95772e-05
-0.00025321
-0.000594187
-0.000957065
-0.00134687
-0.00176449
-0.00221456
-0.00270324
-0.00323275
-0.00379483
-0.00437319
-0.00494466
-0.00547717
-0.00593283
-0.0062767
-0.00648227
-0.00654011
-0.00646119
-0.00627764
-0.00603917
-0.00579401
-0.00557621
-0.00540326
-0.0052811
-0.0052059
-0.00517137
-0.005168
-0.00518689
-0.00522177
-0.00526772
-0.00532034
-0.00537774
-0.00544071
-0.00550317
-0.00556551
-0.00563023
-0.00569556
-0.00576058
-0.00582415
-0.00589032
-0.00595636
-0.0060207
-0.00608435
-0.00614796
-0.00621109
-0.00627326
-0.00633636
-0.00640005
-0.00646533
-0.00652999
-0.00659451
-0.00665887
-0.00672235
-0.00678547
-0.00684838
-0.00691282
-0.00697769
-0.00704513
-0.00710983
-0.0071766
-0.00724406
-0.00730803
-0.00737664
-0.00744326
-0.00751056
-0.00758213
-0.00764748
-0.00771798
-0.00778653
-0.00785158
-0.00792487
-0.00798654
-0.00805309
-0.00812523
-0.00818162
-0.00824905
-0.00831556
-0.00836599
-0.00843019
-0.00848852
-0.00853506
-0.00859535
-0.00864009
-0.00867501
-0.00872788
-0.00876128
-0.00878091
0.00072808
0.00130427
0.00191964
0.00239146
0.00264317
0.0026657
0.00249779
0.00220397
0.00184476
0.00146376
0.00108486
0.000717219
0.000363453
2.42726e-05
-0.000306317
-0.000642978
-0.00100068
-0.00138463
-0.00179413
-0.00223257
-0.00270544
-0.00321469
-0.0037527
-0.00430371
-0.00484636
-0.00535299
-0.00579026
-0.00612661
-0.00633817
-0.00641579
-0.00636619
-0.00621387
-0.00600121
-0.00577343
-0.00556552
-0.00539724
-0.00527689
-0.00520225
-0.00516783
-0.00516451
-0.00518337
-0.005218
-0.00526381
-0.00531637
-0.00537339
-0.00543589
-0.00549815
-0.0055604
-0.00562495
-0.00569018
-0.00575534
-0.0058191
-0.00588533
-0.00595142
-0.0060158
-0.00607945
-0.00614297
-0.00620614
-0.00626852
-0.00633191
-0.00639597
-0.0064616
-0.00652646
-0.00659109
-0.00665545
-0.00671887
-0.00678208
-0.0068453
-0.00691006
-0.00697515
-0.00704265
-0.00710745
-0.00717414
-0.00724155
-0.0073056
-0.00737435
-0.00744113
-0.0075085
-0.00757994
-0.00764541
-0.00771582
-0.00778439
-0.00784946
-0.00792263
-0.0079844
-0.008051
-0.008123
-0.00817955
-0.00824683
-0.00831333
-0.00836397
-0.00842807
-0.00848655
-0.00853311
-0.00859319
-0.00863842
-0.00867379
-0.0087262
-0.00876031
-0.00878046
0.00051475
0.00109554
0.00173361
0.00224215
0.0025362
0.00259982
0.00246254
0.00218247
0.0018222
0.00143195
0.00104263
0.000666968
0.000307639
-3.38631e-05
-0.000362798
-0.000694726
-0.00104621
-0.00142302
-0.00182318
-0.00224872
-0.00270493
-0.0031935
-0.00370718
-0.00423129
-0.00474614
-0.00522781
-0.00564705
-0.00597543
-0.00619135
-0.00628626
-0.00626401
-0.00614268
-0.00595736
-0.00574912
-0.00555289
-0.00539033
-0.00527214
-0.00519803
-0.00516351
-0.00516006
-0.00517891
-0.00521343
-0.00525918
-0.00531177
-0.0053685
-0.00543059
-0.00549271
-0.00555488
-0.00561923
-0.0056844
-0.00574971
-0.00581372
-0.00588
-0.00594612
-0.00601057
-0.00607423
-0.00613765
-0.00620085
-0.00626346
-0.00632716
-0.00639161
-0.00645761
-0.00652269
-0.00658742
-0.00665177
-0.00671514
-0.00677843
-0.00684196
-0.00690711
-0.00697242
-0.00703999
-0.00710488
-0.00717147
-0.00723884
-0.00730302
-0.00737188
-0.00743883
-0.00750629
-0.00757761
-0.00764317
-0.0077135
-0.00778208
-0.00784719
-0.00792023
-0.0079821
-0.00804876
-0.00812061
-0.00817733
-0.00824445
-0.00831093
-0.00836183
-0.00842577
-0.00848443
-0.00853103
-0.00859087
-0.0086366
-0.00867249
-0.00872443
-0.00875918
-0.00877995
0.000301214
0.000887899
0.00154713
0.00208821
0.00242026
0.00252151
0.00241507
0.00215334
0.00179691
0.00140027
0.00100134
0.00061722
0.000251363
-9.4071e-05
-0.000422381
-0.000749296
-0.00109334
-0.00146153
-0.00185113
-0.00226276
-0.00270166
-0.00316946
-0.00365887
-0.00415642
-0.00464446
-0.00510214
-0.00550374
-0.00582367
-0.00604245
-0.00615226
-0.00615517
-0.00606402
-0.00590697
-0.00572033
-0.00553774
-0.00538226
-0.0052669
-0.00519341
-0.00515859
-0.00515474
-0.00517342
-0.00520786
-0.00525361
-0.00530631
-0.00536293
-0.00542471
-0.00548673
-0.0055489
-0.00561311
-0.00567823
-0.00574373
-0.005808
-0.00587435
-0.00594048
-0.00600497
-0.00606864
-0.00613192
-0.00619516
-0.00625802
-0.00632205
-0.00638693
-0.00645333
-0.00651865
-0.00658347
-0.00664778
-0.00671113
-0.00677454
-0.00683837
-0.00690391
-0.0069695
-0.00703714
-0.00710213
-0.00716859
-0.00723589
-0.00730025
-0.00736924
-0.00743633
-0.0075039
-0.0075751
-0.00764077
-0.007711
-0.00777958
-0.00784476
-0.00791763
-0.00797963
-0.00804635
-0.00811803
-0.00817495
-0.00824191
-0.00830833
-0.00835954
-0.00842331
-0.00848215
-0.00852882
-0.00858838
-0.00863465
-0.00867113
-0.00872254
-0.00875786
-0.00877938
8.89229e-05
0.000682242
0.00136066
0.0019303
0.00229657
0.00243234
0.00235555
0.00211463
0.00176637
0.0013668
0.000959868
0.000567793
0.00019531
-0.000154953
-0.000483944
-0.000806072
-0.00114181
-0.00150023
-0.00187835
-0.00227534
-0.00269621
-0.00314291
-0.00360811
-0.00407942
-0.0045414
-0.00497605
-0.00536056
-0.00567176
-0.00589211
-0.00601457
-0.00604034
-0.00597811
-0.00584969
-0.00568632
-0.00551937
-0.00537258
-0.00526095
-0.00518832
-0.00515309
-0.00514856
-0.00516682
-0.0052011
-0.00524698
-0.00529997
-0.00535666
-0.00541827
-0.00548022
-0.00554246
-0.00560661
-0.00567167
-0.00573732
-0.00580187
-0.00586829
-0.00593442
-0.00599891
-0.00606259
-0.00612577
-0.00618903
-0.00625219
-0.00631659
-0.0063819
-0.00644873
-0.00651431
-0.00657924
-0.00664351
-0.00670682
-0.00677037
-0.00683451
-0.00690044
-0.00696634
-0.00703409
-0.00709919
-0.00716551
-0.00723269
-0.00729726
-0.00736642
-0.00743365
-0.00750132
-0.00757241
-0.0076382
-0.00770833
-0.00777688
-0.00784219
-0.00791486
-0.00797697
-0.00804378
-0.00811527
-0.00817241
-0.00823922
-0.00830552
-0.00835711
-0.00842068
-0.00847971
-0.00852648
-0.0085857
-0.00863256
-0.0086697
-0.00872054
-0.00875635
-0.00877871
-0.000120756
0.000479296
0.00117459
0.00176906
0.00216598
0.00233355
0.00228454
0.00206483
0.00172856
0.0013301
0.000917463
0.000518583
0.000140156
-0.000215265
-0.00054641
-0.000864792
-0.00119186
-0.00153947
-0.00190511
-0.00228665
-0.0026886
-0.00311374
-0.00355503
-0.00400074
-0.00443736
-0.00484971
-0.00521764
-0.00552004
-0.00574094
-0.00587402
-0.00592021
-0.00588515
-0.0057852
-0.00564628
-0.00549681
-0.00536043
-0.0052537
-0.00518252
-0.00514703
-0.00514169
-0.00515927
-0.00519321
-0.00523928
-0.0052927
-0.0053495
-0.005411
-0.00547302
-0.00553537
-0.00559954
-0.00566457
-0.00573037
-0.00579528
-0.0058618
-0.00592796
-0.00599246
-0.00605608
-0.00611916
-0.00618245
-0.00624591
-0.00631072
-0.0063765
-0.00644379
-0.00650966
-0.00657469
-0.00663891
-0.00670214
-0.00676587
-0.00683041
-0.00689671
-0.00696292
-0.0070308
-0.00709602
-0.00716223
-0.00722925
-0.00729401
-0.0073634
-0.00743081
-0.00749855
-0.00756952
-0.00763545
-0.00770549
-0.00777398
-0.00783943
-0.00791188
-0.00797414
-0.00804103
-0.00811229
-0.0081697
-0.00823636
-0.00830249
-0.00835452
-0.00841788
-0.00847709
-0.008524
-0.00858282
-0.00863031
-0.00866819
-0.00871841
-0.00875464
-0.00877793
-0.000327741
0.000278713
0.000988698
0.00160466
0.00202871
0.00222563
0.00220277
0.00200377
0.0016821
0.00128894
0.00087321
0.00046875
8.54881e-05
-0.000274683
-0.000608887
-0.000924797
-0.00124314
-0.00157884
-0.00193104
-0.00229653
-0.00267903
-0.00308224
-0.00349999
-0.00392093
-0.00433289
-0.00472341
-0.00507514
-0.0053689
-0.00558972
-0.00573157
-0.00579561
-0.00578562
-0.00571341
-0.00559962
-0.00546917
-0.00534504
-0.00524477
-0.00517596
-0.00514058
-0.00513434
-0.00515092
-0.00518421
-0.00523028
-0.00528419
-0.00534121
-0.00540271
-0.005465
-0.00552759
-0.00559186
-0.00565701
-0.00572302
-0.00578831
-0.00585491
-0.00592106
-0.00598557
-0.00604907
-0.00611201
-0.00617536
-0.00623915
-0.00630442
-0.00637073
-0.0064385
-0.00650468
-0.0065698
-0.00663398
-0.00669714
-0.00676102
-0.00682601
-0.00689273
-0.00695925
-0.00702726
-0.00709263
-0.00715874
-0.00722559
-0.0072905
-0.00736011
-0.00742776
-0.00749561
-0.00756639
-0.00763248
-0.00770245
-0.00777086
-0.00783648
-0.00790868
-0.00797112
-0.00803809
-0.00810908
-0.00816681
-0.00823332
-0.00829923
-0.00835178
-0.0084149
-0.00847427
-0.0085214
-0.00857973
-0.0086279
-0.0086666
-0.00871613
-0.0087527
-0.00877703
-0.000532684
7.98887e-05
0.000802913
0.00143743
0.00188525
0.0021092
0.00211146
0.00193252
0.00162628
0.00124184
0.000826037
0.000417388
3.06485e-05
-0.000332889
-0.000670124
-0.000984665
-0.00129483
-0.001618
-0.00195601
-0.00230515
-0.0026679
-0.00304881
-0.00344319
-0.00384016
-0.00422834
-0.0045975
-0.0049333
-0.00521859
-0.00543897
-0.00558809
-0.00566735
-0.00568005
-0.00563438
-0.00554597
-0.00543581
-0.0053257
-0.00523359
-0.00516829
-0.00513354
-0.00512642
-0.0051418
-0.00517418
-0.00521991
-0.00527427
-0.00533177
-0.00539343
-0.0054561
-0.00551909
-0.00558354
-0.0056489
-0.00571517
-0.00578081
-0.0058475
-0.00591365
-0.00597819
-0.00604156
-0.00610431
-0.00616773
-0.00623192
-0.00629767
-0.00636459
-0.00643286
-0.00649936
-0.00656456
-0.00662866
-0.00669179
-0.0067558
-0.00682127
-0.00688849
-0.00695533
-0.00702346
-0.00708896
-0.007155
-0.00722169
-0.00728677
-0.00735654
-0.00742447
-0.00749249
-0.00756308
-0.00762929
-0.0076992
-0.00776752
-0.00783332
-0.00790524
-0.00796791
-0.00803497
-0.00810563
-0.00816372
-0.00823009
-0.00829574
-0.00834886
-0.00841172
-0.00847124
-0.00851867
-0.00857642
-0.00862531
-0.00866493
-0.00871369
-0.00875053
-0.00877598
-0.000737047
-0.000118363
0.000616862
0.00126782
0.00173648
0.00198495
0.0020113
0.00185184
0.00156071
0.00118712
0.000774769
0.000363927
-2.49337e-05
-0.000389935
-0.000729268
-0.00104326
-0.00134636
-0.001657
-0.00198015
-0.00231266
-0.00265566
-0.00301405
-0.00338512
-0.00375885
-0.00412434
-0.00447277
-0.00479277
-0.00506946
-0.00528908
-0.00544438
-0.00553643
-0.00556919
-0.00554842
-0.00548516
-0.00539626
-0.00530158
-0.00521916
-0.00515878
-0.00512549
-0.00511788
-0.00513209
-0.00516332
-0.00520838
-0.00526293
-0.00532107
-0.00538301
-0.00544603
-0.0055096
-0.00557445
-0.00564006
-0.00570673
-0.00577286
-0.00583962
-0.00590577
-0.00597033
-0.00603353
-0.00609608
-0.00615951
-0.00622414
-0.00629046
-0.006358
-0.00642685
-0.00649365
-0.00655894
-0.00662294
-0.00668606
-0.00675026
-0.00681618
-0.00688396
-0.00695119
-0.00701936
-0.00708495
-0.00715094
-0.00721754
-0.00728284
-0.00735271
-0.00742088
-0.00748914
-0.00755957
-0.00762587
-0.00769567
-0.00776395
-0.00782998
-0.00790155
-0.00796449
-0.00803166
-0.00810194
-0.00816042
-0.00822663
-0.00829199
-0.00834578
-0.00840834
-0.00846799
-0.00851582
-0.00857288
-0.00862251
-0.00866319
-0.00871108
-0.0087481
-0.00877476
-0.00094106
-0.000316294
0.000430782
0.00109673
0.00158362
0.00185387
0.00190294
0.00176257
0.00148611
0.00112429
0.000718697
0.000308303
-8.1573e-05
-0.000446394
-0.000786217
-0.00109973
-0.00139687
-0.00169541
-0.0020033
-0.00231894
-0.00264243
-0.00297846
-0.0033263
-0.00367741
-0.00402128
-0.00434989
-0.00465424
-0.00492193
-0.00514024
-0.00530095
-0.00540395
-0.00545401
-0.00545601
-0.0054172
-0.00535012
-0.005272
-0.00520066
-0.00514683
-0.00511626
-0.00510872
-0.00512186
-0.00515183
-0.00519591
-0.00525023
-0.00530884
-0.00537119
-0.00543471
-0.00549901
-0.00556455
-0.00563056
-0.00569767
-0.00576444
-0.00583129
-0.00589732
-0.00596189
-0.00602488
-0.00608727
-0.0061507
-0.00621576
-0.00628277
-0.00635097
-0.00642044
-0.00648756
-0.00655289
-0.00661683
-0.0066799
-0.00674433
-0.00681076
-0.00687904
-0.00694674
-0.007015
-0.00708064
-0.00714657
-0.00721308
-0.00727872
-0.00734867
-0.00741698
-0.00748549
-0.00755585
-0.00762226
-0.00769189
-0.00776011
-0.00782644
-0.00789759
-0.00796083
-0.00802814
-0.00809798
-0.00815696
-0.00822296
-0.00828794
-0.00834251
-0.00840478
-0.00846447
-0.00851282
-0.00856911
-0.00861949
-0.00866136
-0.00870829
-0.00874541
-0.00877336
-0.00114369
-0.000513302
0.000245144
0.000924918
0.00142781
0.00171719
0.00178731
0.00166574
0.00140379
0.00105383
0.000657075
0.00024998
-0.000139628
-0.000503019
-0.000841208
-0.00115333
-0.00144519
-0.00173239
-0.00202517
-0.00232384
-0.00262818
-0.00294244
-0.00326744
-0.0035964
-0.00391964
-0.00422949
-0.00451844
-0.00477646
-0.00499257
-0.00515808
-0.00527086
-0.00533564
-0.00535773
-0.00534228
-0.00529724
-0.0052366
-0.00517754
-0.00513165
-0.00510529
-0.00509868
-0.005111
-0.00513969
-0.0051825
-0.0052362
-0.00529494
-0.00535783
-0.00542217
-0.00548726
-0.00555354
-0.0056202
-0.00568784
-0.00575535
-0.00582242
-0.00588828
-0.00595283
-0.00601566
-0.00607787
-0.00614137
-0.00620681
-0.00627458
-0.00634353
-0.00641355
-0.00648103
-0.00654635
-0.00661026
-0.00667335
-0.00673797
-0.00680502
-0.0068738
-0.00694197
-0.00701038
-0.00707601
-0.00714186
-0.00720827
-0.00727429
-0.00734441
-0.00741284
-0.00748152
-0.00755185
-0.00761848
-0.00768785
-0.00775595
-0.00782266
-0.00789337
-0.00795692
-0.0080244
-0.00809375
-0.0081533
-0.00821906
-0.00828359
-0.00833904
-0.00840103
-0.00846072
-0.00850968
-0.0085651
-0.00861625
-0.00865943
-0.0087053
-0.00874244
-0.00877175
-0.00134485
-0.000709752
5.92872e-05
0.000752119
0.00126966
0.00157606
0.00166532
0.00156196
0.00131443
0.000976021
0.000589068
0.000187867
-0.000199598
-0.000560512
-0.000895115
-0.00120422
-0.00149096
-0.00176762
-0.00204577
-0.00232764
-0.00261321
-0.00290648
-0.00320939
-0.00351672
-0.00382004
-0.00411199
-0.00438594
-0.00463377
-0.00484659
-0.00501614
-0.00513787
-0.00521535
-0.00525474
-0.00526088
-0.0052377
-0.00519508
-0.00514921
-0.00511244
-0.00509168
-0.00508724
-0.00509923
-0.00512675
-0.00516832
-0.00522114
-0.00527971
-0.00534289
-0.00540817
-0.00547419
-0.00554125
-0.0056089
-0.00567738
-0.0057456
-0.00581299
-0.00587871
-0.00594312
-0.00600577
-0.00606784
-0.00613149
-0.00619733
-0.00626582
-0.00633558
-0.00640615
-0.006474
-0.00653933
-0.0066032
-0.0066664
-0.00673129
-0.00679892
-0.00686821
-0.00693681
-0.00700539
-0.00707105
-0.00713679
-0.00720313
-0.00726957
-0.00733986
-0.0074085
-0.00747729
-0.00754748
-0.00761442
-0.00768358
-0.00775151
-0.00781862
-0.0078889
-0.00795277
-0.00802039
-0.0080892
-0.00814944
-0.00821495
-0.00827894
-0.00833538
-0.00839706
-0.00845667
-0.00850642
-0.00856088
-0.00861274
-0.0086574
-0.00870212
-0.00873919
-0.00876993
-0.00154393
-0.000905002
-0.000126356
0.000578872
0.00111015
0.00143189
0.00153822
0.00145182
0.0012184
0.00089131
0.00051464
0.000121438
-0.000261495
-0.000618716
-0.000948445
-0.0012526
-0.00153369
-0.00180055
-0.00206468
-0.00233029
-0.00259771
-0.00287079
-0.00315256
-0.00343899
-0.00372278
-0.00399757
-0.00425715
-0.00449468
-0.00470311
-0.00487552
-0.00500542
-0.00509419
-0.0051483
-0.00517341
-0.00517134
-0.00514722
-0.00511531
-0.0050886
-0.00507459
-0.00507385
-0.00508645
-0.00511304
-0.00515343
-0.00520525
-0.00526332
-0.00532634
-0.00539241
-0.00545974
-0.00552779
-0.00559648
-0.00566605
-0.00573501
-0.00580276
-0.00586853
-0.00593275
-0.00599517
-0.00605713
-0.00612098
-0.00618733
-0.00625654
-0.00632711
-0.00639823
-0.00646644
-0.00653174
-0.00659566
-0.00665901
-0.0067242
-0.0067924
-0.00686216
-0.00693131
-0.00700003
-0.00706576
-0.00713146
-0.00719763
-0.00726451
-0.00733495
-0.00740384
-0.00747284
-0.00754283
-0.00761007
-0.00767909
-0.00774683
-0.00781427
-0.00788409
-0.00794838
-0.00801617
-0.00808435
-0.00814536
-0.0082106
-0.00827396
-0.00833149
-0.00839289
-0.00845233
-0.00850296
-0.00855644
-0.00860899
-0.00865525
-0.00869871
-0.00873565
-0.00876786
-0.00174012
-0.0010978
-0.000310719
0.000405913
0.00094988
0.00128549
0.00140691
0.00133601
0.0011165
0.000800891
0.000434741
5.09022e-05
-0.000325422
-0.000677587
-0.00100157
-0.00129912
-0.00157347
-0.00183103
-0.00208173
-0.00233173
-0.00258191
-0.00283557
-0.00309699
-0.00336364
-0.00362862
-0.00388689
-0.00413283
-0.00436013
-0.00456314
-0.00473674
-0.00487372
-0.00497272
-0.00503959
-0.0050809
-0.00509851
-0.00509326
-0.00507584
-0.00505975
-0.00505351
-0.00505781
-0.00507234
-0.00509842
-0.0051376
-0.00518848
-0.00524579
-0.00530832
-0.00537489
-0.00544372
-0.00551317
-0.00558277
-0.00565356
-0.00572361
-0.00579175
-0.00585764
-0.00592166
-0.0059838
-0.00604568
-0.00610991
-0.00617684
-0.00624683
-0.00631814
-0.00638969
-0.00645835
-0.00652356
-0.00658755
-0.0066512
-0.00671671
-0.00678557
-0.0068557
-0.00692542
-0.00699435
-0.00706
-0.0071258
-0.00719184
-0.00725906
-0.00732967
-0.00739889
-0.0074682
-0.00753798
-0.00760534
-0.00767414
-0.00774191
-0.0078097
-0.00787896
-0.00794374
-0.00801174
-0.00807914
-0.00814102
-0.008206
-0.0082687
-0.00832741
-0.00838846
-0.00844769
-0.00849937
-0.00855177
-0.00860495
-0.00865297
-0.00869509
-0.0087318
-0.00876555
-0.00193297
-0.00128736
-0.000493056
0.000233666
0.000789123
0.00113739
0.00127258
0.001216
0.00101009
0.000705975
0.000350096
-2.38576e-05
-0.000392033
-0.000737738
-0.00105508
-0.00134497
-0.00161109
-0.00185926
-0.00209708
-0.00233193
-0.00256587
-0.00280118
-0.00304309
-0.00329116
-0.00353843
-0.00378056
-0.00401335
-0.00423056
-0.00442741
-0.00460042
-0.00474302
-0.00485145
-0.00492985
-0.00498493
-0.00501983
-0.00503317
-0.00503083
-0.0050257
-0.00502783
-0.00503832
-0.005056
-0.00508245
-0.00512059
-0.00517064
-0.0052274
-0.00528917
-0.00535594
-0.00542597
-0.00549715
-0.00556789
-0.00563984
-0.00571127
-0.00577995
-0.00584583
-0.0059097
-0.00597176
-0.00603352
-0.00609824
-0.00616587
-0.00623663
-0.00630873
-0.00638048
-0.00644956
-0.00651479
-0.00657881
-0.00664295
-0.0067088
-0.00677834
-0.00684885
-0.00691903
-0.0069883
-0.00705381
-0.00711971
-0.00718584
-0.00725335
-0.00732393
-0.00739351
-0.00746326
-0.00753289
-0.00760037
-0.00766877
-0.00773673
-0.00780497
-0.00787346
-0.00793875
-0.00800706
-0.00807364
-0.00813648
-0.00820115
-0.00826306
-0.00832314
-0.00838381
-0.00844269
-0.00849558
-0.00854694
-0.00860065
-0.00865052
-0.00869127
-0.00872766
-0.00876297
-0.00212225
-0.00147347
-0.000672959
6.23915e-05
0.000628153
0.000987996
0.00113604
0.00109275
0.00089975
0.000606967
0.000261136
-0.000102674
-0.000461408
-0.000799104
-0.00110868
-0.00139024
-0.00164703
-0.00188518
-0.0021108
-0.00233104
-0.00254963
-0.00276813
-0.00299142
-0.00322158
-0.00345239
-0.00367898
-0.00389883
-0.00410621
-0.00429657
-0.00446759
-0.00461422
-0.00473113
-0.00481994
-0.00488678
-0.00493618
-0.00496697
-0.00498028
-0.00498648
-0.00499712
-0.00501472
-0.00503688
-0.00506488
-0.00510252
-0.0051517
-0.0052081
-0.0052691
-0.00533573
-0.00540652
-0.0054795
-0.00555198
-0.00562498
-0.00569762
-0.00576705
-0.00583305
-0.00589675
-0.00595903
-0.00602078
-0.00608586
-0.00615441
-0.0062259
-0.0062988
-0.00637068
-0.00644
-0.00650548
-0.00656951
-0.00663416
-0.00670051
-0.0067707
-0.00684161
-0.00691218
-0.00698177
-0.00704731
-0.00711322
-0.00717947
-0.00724738
-0.00731772
-0.00738768
-0.00745802
-0.00752757
-0.0075953
-0.00766306
-0.00773104
-0.0078
-0.0078677
-0.00793344
-0.00800215
-0.00806785
-0.0081316
-0.00819599
-0.0082571
-0.00831869
-0.00837898
-0.00843735
-0.00849155
-0.00854193
-0.00859608
-0.00864789
-0.00868724
-0.00872322
-0.00876011
-0.00230793
-0.00165614
-0.000850043
-0.00010719
0.000467809
0.000838214
0.000998152
0.000967307
0.000786485
0.000505008
0.000169288
-0.000184455
-0.000533065
-0.000861647
-0.0011625
-0.00143517
-0.0016821
-0.00190943
-0.00212327
-0.00232962
-0.00253342
-0.0027365
-0.00294233
-0.00315499
-0.0033705
-0.00358264
-0.00378981
-0.00398769
-0.00417158
-0.00433961
-0.00448837
-0.00461219
-0.00471021
-0.00478748
-0.00484911
-0.00489536
-0.00492435
-0.00494248
-0.00496161
-0.00498663
-0.00501454
-0.00504513
-0.00508298
-0.00513137
-0.00518751
-0.0052481
-0.00531441
-0.00538568
-0.00546021
-0.00553482
-0.00560908
-0.00568257
-0.00575291
-0.00581942
-0.00588285
-0.00594527
-0.00600734
-0.00607278
-0.00614229
-0.00621478
-0.00628843
-0.00636043
-0.00642979
-0.00649538
-0.00655964
-0.00662476
-0.00669176
-0.0067627
-0.0068339
-0.00690495
-0.00697476
-0.00704041
-0.00710643
-0.00717268
-0.00724113
-0.00731116
-0.00738138
-0.00745248
-0.00752186
-0.00758992
-0.00765714
-0.00772497
-0.00779471
-0.00786173
-0.0079278
-0.00799689
-0.00806179
-0.00812652
-0.00819052
-0.00825078
-0.00831403
-0.00837393
-0.00843165
-0.00848726
-0.00853679
-0.00859122
-0.00864497
-0.00868304
-0.00871857
-0.00875699
-0.00249009
-0.00183515
-0.00102366
-0.000273919
0.000309357
0.000689277
0.000859971
0.000840785
0.000671552
0.000401156
7.558e-05
-0.000268488
-0.000606979
-0.000925829
-0.00121718
-0.00148017
-0.00171687
-0.00193281
-0.00213477
-0.00232801
-0.00251752
-0.00270613
-0.00289608
-0.00309198
-0.00329291
-0.003492
-0.00368703
-0.00387554
-0.00405291
-0.00421713
-0.00436626
-0.00449525
-0.00460137
-0.00468808
-0.00476015
-0.00481931
-0.00486308
-0.00489375
-0.0049216
-0.00495369
-0.0049881
-0.00502264
-0.00506139
-0.00510952
-0.00516547
-0.00522612
-0.00529231
-0.00536385
-0.00543966
-0.0055161
-0.0055921
-0.00566639
-0.00573726
-0.0058045
-0.00586787
-0.00593038
-0.00599318
-0.00605942
-0.00612967
-0.0062032
-0.00627764
-0.00634945
-0.00641889
-0.00648445
-0.00654912
-0.00661497
-0.00668245
-0.00675434
-0.0068258
-0.0068972
-0.00696726
-0.00703298
-0.00709934
-0.00716562
-0.00723455
-0.00730437
-0.00737456
-0.00744636
-0.00751578
-0.00758425
-0.00765114
-0.00771865
-0.00778883
-0.00785536
-0.00792204
-0.00799146
-0.00805545
-0.00812118
-0.00818475
-0.00824407
-0.00830914
-0.00836877
-0.00842564
-0.00848263
-0.00853152
-0.00858614
-0.00864174
-0.00867867
-0.0087137
-0.00875357
-0.00266827
-0.00200985
-0.00119307
-0.000436867
0.000153755
0.000542035
0.000722266
0.000713783
0.00055563
0.000295921
-1.94754e-05
-0.000354027
-0.000682597
-0.000991329
-0.00127263
-0.00152527
-0.00175148
-0.00195603
-0.00214597
-0.00232673
-0.00250266
-0.00267733
-0.00285287
-0.00303318
-0.00321989
-0.00340696
-0.0035907
-0.00376981
-0.00394063
-0.00410077
-0.00424903
-0.00438135
-0.00449414
-0.00458918
-0.00467049
-0.00474024
-0.00479702
-0.00484042
-0.00487744
-0.00491625
-0.00495714
-0.00499709
-0.00503769
-0.00508586
-0.00514203
-0.00520287
-0.00526942
-0.00534113
-0.00541802
-0.00549603
-0.00557381
-0.00564932
-0.00572018
-0.00578795
-0.00585175
-0.00591465
-0.00597821
-0.00604562
-0.00611663
-0.00619082
-0.00626635
-0.00633785
-0.00640734
-0.00647299
-0.00653779
-0.00660478
-0.0066728
-0.00674535
-0.00681723
-0.00688883
-0.00695923
-0.00702525
-0.00709196
-0.0071584
-0.00722758
-0.00729704
-0.0073674
-0.00743988
-0.00750937
-0.00757828
-0.00764486
-0.00771214
-0.00778264
-0.00784855
-0.00791599
-0.00798576
-0.00804867
-0.00811549
-0.00817881
-0.00823712
-0.00830394
-0.00836338
-0.00841939
-0.00847773
-0.00852618
-0.00858086
-0.00863813
-0.00867412
-0.00870868
-0.00874987
-0.00284199
-0.00218001
-0.00135811
-0.000595833
1.52884e-06
0.000397275
0.000586007
0.000587192
0.00043956
0.000190226
-0.000115154
-0.000440163
-0.000759147
-0.00105779
-0.00132891
-0.00157083
-0.0017862
-0.0019795
-0.0021574
-0.00232592
-0.00248903
-0.00265044
-0.00281287
-0.00297912
-0.00315201
-0.00332757
-0.00350102
-0.00367106
-0.00383528
-0.0039911
-0.00413745
-0.00427137
-0.00438935
-0.00449166
-0.004581
-0.00465969
-0.0047273
-0.00478297
-0.00482972
-0.00487508
-0.00492176
-0.0049676
-0.00501156
-0.00505993
-0.00511686
-0.00517828
-0.00524545
-0.00531793
-0.00539557
-0.00547494
-0.00555406
-0.00563102
-0.00570194
-0.00576957
-0.0058342
-0.00589815
-0.00596254
-0.00603109
-0.00610333
-0.00617795
-0.00625435
-0.0063258
-0.00639493
-0.00646103
-0.00652599
-0.00659391
-0.0066629
-0.00673576
-0.0068081
-0.00688009
-0.00695058
-0.00701723
-0.00708438
-0.00715079
-0.00722033
-0.0072893
-0.0073598
-0.00743309
-0.0075024
-0.00757186
-0.00763843
-0.00770543
-0.00777621
-0.00784131
-0.00790948
-0.00798
-0.00804181
-0.0081094
-0.00817254
-0.00822985
-0.00829839
-0.00835783
-0.00841289
-0.00847242
-0.00852077
-0.00857542
-0.00863404
-0.00866947
-0.00870368
-0.00874596
-0.00301076
-0.00234526
-0.00151838
-0.000750239
-0.000146422
0.000256262
0.000452584
0.000462359
0.000324331
8.49824e-05
-0.000210681
-0.000526216
-0.000835929
-0.00112481
-0.00138583
-0.00161715
-0.00182151
-0.00200373
-0.00216981
-0.00232625
-0.00247722
-0.00262622
-0.00277639
-0.00292987
-0.00308958
-0.00325395
-0.00341802
-0.0035795
-0.00373702
-0.00388833
-0.00403233
-0.00416669
-0.00428826
-0.0043964
-0.00449251
-0.00457897
-0.00465556
-0.00472182
-0.00477831
-0.00483039
-0.00488234
-0.00493376
-0.00498247
-0.00503196
-0.0050895
-0.00515238
-0.00522035
-0.00529414
-0.00537279
-0.00545307
-0.00553321
-0.0056111
-0.00568268
-0.00574989
-0.00581492
-0.00588062
-0.00594628
-0.00601591
-0.00608967
-0.00616489
-0.0062414
-0.00631293
-0.00638187
-0.00644844
-0.006514
-0.00658254
-0.00665265
-0.00672595
-0.00679826
-0.00687081
-0.0069413
-0.00700862
-0.00707671
-0.00714287
-0.00721283
-0.00728136
-0.0073515
-0.00742586
-0.00749517
-0.00756507
-0.00763184
-0.00769837
-0.00776948
-0.00783401
-0.00790252
-0.00797392
-0.00803487
-0.00810284
-0.00816599
-0.00822257
-0.00829256
-0.00835201
-0.00840616
-0.00846678
-0.00851534
-0.00856983
-0.00862938
-0.00866465
-0.00869873
-0.00874189
-0.00317427
-0.00250527
-0.00167347
-0.000899621
-0.000289601
0.000119613
0.000322809
0.000340137
0.000210678
-1.92834e-05
-0.000305446
-0.000611654
-0.000912178
-0.00119163
-0.00144281
-0.00166402
-0.00185766
-0.00202897
-0.00218372
-0.00232836
-0.00246771
-0.00260511
-0.00274376
-0.00288562
-0.0030332
-0.00318656
-0.00334165
-0.00349524
-0.00364627
-0.00379289
-0.00393408
-0.00406777
-0.00419136
-0.00430393
-0.00440584
-0.00449899
-0.00458311
-0.00465811
-0.00472384
-0.00478306
-0.00483987
-0.00489599
-0.00494968
-0.00500188
-0.00506013
-0.0051249
-0.00519451
-0.00526965
-0.00534978
-0.00543065
-0.00551134
-0.00558957
-0.00566184
-0.00572919
-0.00579397
-0.00586163
-0.00592986
-0.00600069
-0.0060754
-0.00615143
-0.00622775
-0.00629905
-0.00636827
-0.00643521
-0.0065017
-0.00657107
-0.00664181
-0.00671575
-0.0067878
-0.00686059
-0.00693157
-0.0069996
-0.00706911
-0.00713505
-0.00720472
-0.00727314
-0.00734283
-0.0074181
-0.00748779
-0.00755778
-0.00762493
-0.00769119
-0.00776238
-0.00782664
-0.00789524
-0.00796726
-0.00802788
-0.00809613
-0.00815912
-0.00821513
-0.0082864
-0.00834602
-0.00839924
-0.00846076
-0.00851001
-0.00856425
-0.0086241
-0.0086597
-0.00869401
-0.00873763
-0.00333177
-0.00265937
-0.00182278
-0.0010435
-0.000427646
-1.22926e-05
0.000197301
0.00022149
9.97135e-05
-0.000121597
-0.000398666
-0.000695845
-0.000987477
-0.00125798
-0.00149987
-0.00171154
-0.00189505
-0.00205573
-0.0021995
-0.00233261
-0.00246062
-0.00258717
-0.0027152
-0.0028465
-0.002983
-0.00312568
-0.00327208
-0.00341839
-0.00356311
-0.00370477
-0.00384263
-0.0039751
-0.00409977
-0.00421564
-0.00432232
-0.00442094
-0.0045114
-0.00459349
-0.00466714
-0.00473341
-0.00479475
-0.00485472
-0.00491303
-0.00496922
-0.005029
-0.00509557
-0.00516789
-0.00524471
-0.00532649
-0.00540816
-0.0054888
-0.00556677
-0.00563904
-0.0057073
-0.00577222
-0.00584136
-0.00591304
-0.00598553
-0.00606063
-0.00613716
-0.00621347
-0.00628423
-0.00635375
-0.00642176
-0.00648926
-0.00655973
-0.00663073
-0.00670482
-0.00677702
-0.00684958
-0.00692141
-0.00699046
-0.00706084
-0.00712707
-0.0071963
-0.00726468
-0.00733408
-0.00740956
-0.00748006
-0.00755038
-0.00761778
-0.00768395
-0.00775482
-0.00781906
-0.00788803
-0.00796028
-0.00802055
-0.00808906
-0.00815203
-0.00820758
-0.00827991
-0.00833993
-0.00839221
-0.00845427
-0.00850468
-0.00855869
-0.00861827
-0.0086547
-0.00868967
-0.00873337
-0.00348266
-0.00280706
-0.00196592
-0.00118137
-0.000559993
-0.00013884
7.6756e-05
0.000107337
-7.48801e-06
-0.000220977
-0.00048965
-0.00077831
-0.00106157
-0.00132363
-0.00155676
-0.00175929
-0.00193326
-0.00208382
-0.00221711
-0.00233947
-0.00245671
-0.00257307
-0.00269108
-0.00281261
-0.00293905
-0.00307171
-0.00320944
-0.00334866
-0.00348737
-0.00362425
-0.00375871
-0.00388946
-0.00401449
-0.00413239
-0.00424274
-0.0043456
-0.00444128
-0.00452941
-0.00460924
-0.00468175
-0.0047475
-0.00481085
-0.00487307
-0.00493368
-0.00499649
-0.00506495
-0.00514051
-0.00521982
-0.00530291
-0.00538547
-0.00546556
-0.00554266
-0.00561459
-0.00568391
-0.00575017
-0.00582036
-0.00589517
-0.00597047
-0.00604584
-0.00612198
-0.00619836
-0.00626901
-0.00633859
-0.00640798
-0.00647677
-0.00654822
-0.00661956
-0.00669338
-0.00676594
-0.00683832
-0.00691045
-0.0069809
-0.00705221
-0.00711898
-0.007188
-0.00725588
-0.00732515
-0.00740065
-0.00747174
-0.00754274
-0.00761048
-0.00767643
-0.00774693
-0.00781152
-0.0078807
-0.00795287
-0.00801293
-0.00808151
-0.00814504
-0.00820042
-0.00827283
-0.00833353
-0.00838536
-0.00844729
-0.00849927
-0.00855329
-0.00861177
-0.0086495
-0.00868578
-0.00872931
-0.00362615
-0.00294771
-0.00210237
-0.00131278
-0.000686114
-0.000259507
-3.82853e-05
-1.80533e-06
-0.000110315
-0.00031693
-0.000578081
-0.000858945
-0.00113428
-0.00138836
-0.00161302
-0.00180678
-0.00197173
-0.0021131
-0.00223681
-0.00234927
-0.00245626
-0.00256272
-0.00267146
-0.00278402
-0.00290148
-0.00302473
-0.00315396
-0.00328627
-0.00341942
-0.00355164
-0.00368241
-0.00381095
-0.00393571
-0.00405487
-0.00416784
-0.00427424
-0.00437411
-0.0044671
-0.00455156
-0.00462893
-0.00469881
-0.00476509
-0.00483051
-0.00489532
-0.00496232
-0.00503376
-0.00511251
-0.005195
-0.00527948
-0.00536249
-0.00544205
-0.00551765
-0.00558883
-0.00565889
-0.00572738
-0.00579959
-0.00587666
-0.00595517
-0.00603139
-0.00610611
-0.00618202
-0.00625315
-0.00632286
-0.00639361
-0.00646451
-0.0065369
-0.00660845
-0.00668195
-0.00675418
-0.00682651
-0.00689911
-0.00697099
-0.00704357
-0.00711069
-0.00717959
-0.00724725
-0.00731601
-0.00739144
-0.00746327
-0.0075346
-0.00760316
-0.00766907
-0.00773859
-0.00780399
-0.00787318
-0.00794506
-0.0080055
-0.00807348
-0.00813784
-0.00819372
-0.0082651
-0.00832673
-0.00837893
-0.00843998
-0.00849361
-0.00854802
-0.0086048
-0.00864432
-0.00868244
-0.00872528
-0.00376144
-0.00308055
-0.00223149
-0.00143735
-0.000805659
-0.000373912
-0.000147344
-0.000105416
-0.000208196
-0.000408794
-0.000663298
-0.000936985
-0.00120482
-0.00145127
-0.00166815
-0.00185387
-0.00201069
-0.00214372
-0.00225867
-0.00236186
-0.00245937
-0.00255658
-0.00265662
-0.00276069
-0.00286989
-0.00298474
-0.00310596
-0.00323147
-0.00335901
-0.00348662
-0.00361375
-0.00373999
-0.00386415
-0.00398417
-0.00409902
-0.00420819
-0.00431112
-0.00440755
-0.00449527
-0.00457595
-0.00464931
-0.0047181
-0.0047861
-0.00485494
-0.00492693
-0.00500267
-0.00508473
-0.0051702
-0.00525633
-0.00533918
-0.00541779
-0.00549181
-0.00556201
-0.00563294
-0.00570443
-0.00577973
-0.00585833
-0.00593907
-0.00601674
-0.00608982
-0.00616443
-0.00623669
-0.00630748
-0.00637923
-0.00645207
-0.00652583
-0.00659706
-0.00667001
-0.00674205
-0.00681438
-0.00688802
-0.00696069
-0.00703424
-0.00710221
-0.00717074
-0.00723903
-0.00730734
-0.00738172
-0.00745469
-0.00752618
-0.00759561
-0.00766211
-0.00773007
-0.0077965
-0.00786578
-0.00793684
-0.00799839
-0.00806518
-0.00813018
-0.00818785
-0.00825718
-0.00831913
-0.00837293
-0.0084328
-0.00848776
-0.00854273
-0.00859742
-0.00863925
-0.0086797
-0.00872119
-0.0038878
-0.00320466
-0.00235238
-0.00155429
-0.00091811
-0.000481564
-0.000250032
-0.000203052
-0.000300711
-0.000495943
-0.000744618
-0.00101182
-0.00127279
-0.00151224
-0.00172213
-0.00190061
-0.00204993
-0.00217523
-0.00228216
-0.00237708
-0.00246603
-0.00255461
-0.00264628
-0.00274255
-0.00284422
-0.00295156
-0.00306515
-0.00318399
-0.00330614
-0.00342947
-0.00355338
-0.00367731
-0.00380066
-0.00392105
-0.00403714
-0.00414818
-0.00425317
-0.00435166
-0.0044414
-0.00452391
-0.00459952
-0.00467064
-0.00474111
-0.00481407
-0.00489132
-0.00497219
-0.00505784
-0.00514574
-0.00523347
-0.00531575
-0.00539272
-0.00546541
-0.00553512
-0.00560705
-0.00568163
-0.00576046
-0.00584089
-0.00592265
-0.00600122
-0.00607339
-0.00614631
-0.0062197
-0.00629238
-0.00636527
-0.0064395
-0.00651455
-0.00658566
-0.00665785
-0.00673047
-0.00680227
-0.00687628
-0.00695002
-0.00702403
-0.0070937
-0.00716215
-0.00723085
-0.00729897
-0.00737158
-0.00744583
-0.00751769
-0.00758757
-0.00765529
-0.00772183
-0.00778904
-0.00785828
-0.00792822
-0.00799155
-0.0080572
-0.00812231
-0.00818232
-0.00824928
-0.00831131
-0.00836762
-0.00842605
-0.00848181
-0.00853731
-0.00858992
-0.00863477
-0.00867789
-0.00871817
-0.00400484
-0.00331951
-0.00246448
-0.00166307
-0.00102299
-0.000582038
-0.000345931
-0.000294335
-0.000387386
-0.00057781
-0.000821313
-0.00108287
-0.0013378
-0.00157104
-0.00177463
-0.00194667
-0.00208923
-0.00220758
-0.00230725
-0.00239464
-0.00247576
-0.00255641
-0.00264041
-0.00272939
-0.00282402
-0.0029244
-0.00303129
-0.00314399
-0.00326115
-0.00338036
-0.00350125
-0.0036231
-0.00374555
-0.00386624
-0.00398299
-0.00409521
-0.00420115
-0.00430046
-0.00439071
-0.00447356
-0.00455056
-0.00462389
-0.00469723
-0.0047742
-0.00485678
-0.00494299
-0.00503251
-0.00512227
-0.00521044
-0.00529214
-0.00536718
-0.00543889
-0.00550895
-0.0055823
-0.00566031
-0.00574252
-0.00582475
-0.0059062
-0.00598467
-0.00605695
-0.00612862
-0.00620293
-0.00627802
-0.00635221
-0.00642674
-0.00650303
-0.00657493
-0.00664586
-0.00671878
-0.00679019
-0.00686428
-0.00693964
-0.00701376
-0.00708455
-0.00715341
-0.00722262
-0.00729108
-0.00736181
-0.00743626
-0.00750848
-0.00757902
-0.0076482
-0.00771369
-0.00778138
-0.00785007
-0.00791883
-0.00798452
-0.00804902
-0.0081137
-0.00817658
-0.00824114
-0.00830271
-0.00836204
-0.00841906
-0.00847527
-0.00853116
-0.00858182
-0.00863021
-0.00867577
-0.00871363
-0.00411213
-0.00342465
-0.00256719
-0.00176296
-0.00111943
-0.00067452
-0.000434238
-0.000378584
-0.000467612
-0.000653856
-0.000892826
-0.00114955
-0.00139936
-0.0016273
-0.00182544
-0.00199179
-0.00212841
-0.0022404
-0.00233366
-0.00241438
-0.00248876
-0.00256225
-0.00263906
-0.00272096
-0.00280892
-0.00290293
-0.00300367
-0.00311073
-0.00322309
-0.00333882
-0.00345716
-0.00357776
-0.00369948
-0.00382045
-0.00393742
-0.00404969
-0.00415542
-0.00425381
-0.00434341
-0.00442527
-0.00450293
-0.0045783
-0.00465518
-0.00473666
-0.00482463
-0.0049165
-0.00500926
-0.00510033
-0.00518738
-0.00526791
-0.00534127
-0.00541227
-0.00548461
-0.00556041
-0.00564175
-0.00572654
-0.00580998
-0.00589036
-0.00596781
-0.00604082
-0.00611256
-0.00618778
-0.0062648
-0.00634089
-0.00641541
-0.00649216
-0.00656523
-0.0066351
-0.00670879
-0.0067806
-0.00685396
-0.00693005
-0.0070041
-0.00707599
-0.00714615
-0.00721637
-0.00728483
-0.00735338
-0.00742779
-0.00750015
-0.00757187
-0.00764267
-0.00770678
-0.00777514
-0.00784307
-0.00791012
-0.00797884
-0.00804272
-0.00810632
-0.00817166
-0.00823372
-0.00829519
-0.00835824
-0.00841335
-0.00846922
-0.00852573
-0.00857485
-0.00862719
-0.0086753
-0.00871136
-0.00420953
-0.00352009
-0.00266052
-0.00185389
-0.00120744
-0.000759109
-0.000515264
-0.000456072
-0.000541703
-0.000724331
-0.000959484
-0.001212
-0.00145747
-0.00168085
-0.0018744
-0.00203591
-0.00216749
-0.00227407
-0.00236187
-0.00243703
-0.0025055
-0.00257254
-0.00264241
-0.00271772
-0.0027993
-0.0028875
-0.00298252
-0.00308466
-0.00319295
-0.00330605
-0.00342275
-0.00354252
-0.00366383
-0.00378438
-0.003901
-0.00401176
-0.00411559
-0.00421122
-0.0042987
-0.00437906
-0.00445682
-0.0045347
-0.00461572
-0.00470257
-0.00479545
-0.00489183
-0.00498628
-0.00507696
-0.00516176
-0.00524041
-0.00531357
-0.00538502
-0.0054606
-0.00553955
-0.00562336
-0.00570955
-0.00579288
-0.005872
-0.00594827
-0.00602269
-0.00609597
-0.00617239
-0.00625045
-0.00632781
-0.00640213
-0.00647821
-0.00655353
-0.00662376
-0.00669755
-0.00676987
-0.00684196
-0.0069181
-0.00699252
-0.00706575
-0.007137
-0.00720841
-0.00727789
-0.00734406
-0.00741778
-0.00749038
-0.00756247
-0.0076357
-0.00769925
-0.0077674
-0.00783495
-0.00790021
-0.00797151
-0.00803624
-0.00809836
-0.00816485
-0.00822476
-0.00828629
-0.00835394
-0.0084077
-0.00846178
-0.00851863
-0.00856754
-0.00862392
-0.00867364
-0.00870661
-0.00429481
-0.00360405
-0.00274306
-0.00193472
-0.00128614
-0.000835166
-0.000588429
-0.000526357
-0.000609247
-0.000789143
-0.00102133
-0.00127059
-0.00151263
-0.00173267
-0.00192291
-0.00208102
-0.00220867
-0.00231087
-0.00239398
-0.00246442
-0.00252788
-0.00258939
-0.00265318
-0.00272234
-0.00279816
-0.00288116
-0.00297159
-0.00306977
-0.00317532
-0.00328708
-0.00340367
-0.00352365
-0.00364494
-0.00376474
-0.00387992
-0.00398788
-0.0040877
-0.00417925
-0.00426371
-0.00434322
-0.00442193
-0.00450333
-0.00458947
-0.00468155
-0.00477827
-0.00487652
-0.00497106
-0.00505978
-0.00514227
-0.00521926
-0.00529305
-0.0053666
-0.00544494
-0.00552742
-0.00561259
-0.00569835
-0.00578091
-0.00585869
-0.00593454
-0.00601036
-0.00608588
-0.00616372
-0.00624128
-0.00631879
-0.00639348
-0.00646844
-0.00654533
-0.00661706
-0.0066903
-0.00676349
-0.0068349
-0.00690965
-0.00698425
-0.00705836
-0.00713074
-0.00720339
-0.00727409
-0.00733855
-0.00740986
-0.00748284
-0.00755577
-0.00763012
-0.00769496
-0.00776252
-0.0078284
-0.00789329
-0.00796585
-0.00803091
-0.00809348
-0.00816005
-0.00821676
-0.00827863
-0.00835108
-0.00840466
-0.00845626
-0.00851142
-0.00856101
-0.00862224
-0.00867308
-0.00870353
-0.00436122
-0.00366835
-0.00280545
-0.00199552
-0.00134512
-0.000892008
-0.000642668
-0.000578139
-0.000658794
-0.000836753
-0.00106677
-0.00131349
-0.00155279
-0.00177018
-0.00195803
-0.00211345
-0.0022379
-0.00233607
-0.0024149
-0.00248071
-0.0025395
-0.00259563
-0.00265357
-0.00271662
-0.00278715
-0.00286603
-0.00295344
-0.00304968
-0.00315432
-0.00326682
-0.00338475
-0.00350605
-0.00362706
-0.00374536
-0.00385766
-0.00396168
-0.00405654
-0.00414343
-0.00422535
-0.00430471
-0.0043859
-0.00447084
-0.00456218
-0.00465857
-0.00475785
-0.00485657
-0.00494998
-0.00503729
-0.0051178
-0.00519457
-0.0052695
-0.00534624
-0.00542741
-0.00551224
-0.00559919
-0.00568358
-0.00576566
-0.00584271
-0.0059185
-0.00599621
-0.00607335
-0.00615288
-0.00622999
-0.00630707
-0.00638263
-0.00645675
-0.00653451
-0.0066088
-0.00668247
-0.00675586
-0.00682737
-0.00690039
-0.00697461
-0.00704991
-0.00712312
-0.00719681
-0.00726852
-0.00733294
-0.00740213
-0.00747444
-0.00754917
-0.00762332
-0.00768908
-0.00775832
-0.00782151
-0.00788593
-0.00796076
-0.00802499
-0.00808831
-0.0081563
-0.00820923
-0.00827074
-0.00834836
-0.00840253
-0.00845208
-0.00850472
-0.008554
-0.00862062
-0.00867309
-0.00870145
-0.00443679
-0.00374345
-0.00287998
-0.00206949
-0.0014182
-0.0009638
-0.000712785
-0.000646487
-0.000725632
-0.000902263
-0.00113105
-0.00137628
-0.00161409
-0.00182994
-0.00201648
-0.00217029
-0.00229262
-0.00238772
-0.0024627
-0.00252413
-0.00257814
-0.00262911
-0.00268133
-0.00273874
-0.00280422
-0.00287949
-0.00296442
-0.00305937
-0.00316336
-0.00327608
-0.00339456
-0.0035159
-0.0036358
-0.00375166
-0.00386082
-0.003961
-0.00405195
-0.00413485
-0.00421413
-0.00429212
-0.0043734
-0.00445911
-0.0045518
-0.00464983
-0.0047495
-0.00484804
-0.00494009
-0.00502642
-0.00510563
-0.0051819
-0.00525731
-0.00533511
-0.0054181
-0.00550357
-0.00559155
-0.00567553
-0.00575678
-0.00583387
-0.00590917
-0.00598781
-0.00606564
-0.00614586
-0.00622318
-0.00629935
-0.00637514
-0.006449
-0.00652677
-0.00660229
-0.00667641
-0.00674965
-0.00682135
-0.00689393
-0.00696719
-0.00704254
-0.00711614
-0.00719017
-0.00726272
-0.00732762
-0.00739572
-0.00746684
-0.00754233
-0.00761682
-0.00768281
-0.00775341
-0.00781552
-0.00787875
-0.007955
-0.00801888
-0.00808203
-0.00815176
-0.00820235
-0.00826166
-0.00834285
-0.00839859
-0.00844681
-0.00849809
-0.00854572
-0.00861481
-0.0086696
-0.00869549
)
;

boundaryField
{
    zeroGradientPlanes
    {
        type            zeroGradient;
    }
    inlet
    {
        type            zeroGradient;
    }
    plate
    {
        type            zeroGradient;
    }
    frontAndBack
    {
        type            empty;
    }
}


// ************************************************************************* //
