/*--------------------------------*- C++ -*----------------------------------*\
| =========                 |                                                 |
| \\      /  F ield         | OpenFOAM: The Open Source CFD Toolbox           |
|  \\    /   O peration     | Version:  v2106                                 |
|   \\  /    A nd           | Website:  www.openfoam.com                      |
|    \\/     M anipulation  |                                                 |
\*---------------------------------------------------------------------------*/
FoamFile
{
    version     2.0;
    format      ascii;
    arch        "LSB;label=32;scalar=64";
    class       volScalarField;
    location    "2";
    object      p;
}
// * * * * * * * * * * * * * * * * * * * * * * * * * * * * * * * * * * * * * //

dimensions      [0 2 -2 0 0 0 0];

internalField   nonuniform List<scalar> 
4800
(
4.48209e-09
-0.000106004
-0.000231091
-0.000274886
-0.000338863
-0.000407812
-0.000479075
-0.000549494
-0.000589004
-0.000552693
-0.000505489
-0.000436441
-0.000316827
-0.000129411
0.000105192
0.000421406
0.000821949
0.00138128
0.00208608
0.00276739
4.87183e-06
-0.000109207
-0.000223099
-0.000277126
-0.000333371
-0.000409843
-0.000473122
-0.000550481
-0.000570089
-0.000556177
-0.000497189
-0.000439234
-0.000311821
-0.000133344
0.0001097
0.00041188
0.000830433
0.00132607
0.00187671
0.00239945
7.11503e-06
-0.000111195
-0.000221291
-0.000277761
-0.000331555
-0.000410098
-0.000470837
-0.00054919
-0.000569227
-0.00055497
-0.000496752
-0.000437736
-0.00031081
-0.000134542
0.000106323
0.000389412
0.000769249
0.00119921
0.00169222
0.00216466
1.14106e-05
-0.00011373
-0.000216782
-0.000278112
-0.000328883
-0.000409167
-0.000469822
-0.000545411
-0.000566032
-0.000548355
-0.000498041
-0.00043235
-0.000309701
-0.000131998
9.33452e-05
0.000360394
0.000709948
0.00109513
0.00150641
0.00187845
1.55626e-05
-0.000115676
-0.000213739
-0.0002776
-0.00032771
-0.000406718
-0.000469664
-0.000540222
-0.000562522
-0.000543934
-0.000496465
-0.000427177
-0.000309682
-0.000133818
7.45425e-05
0.00032427
0.000639363
0.000952061
0.00123925
0.00157387
1.96528e-05
-0.000116354
-0.000211738
-0.000275018
-0.000328288
-0.000401424
-0.000471235
-0.000534654
-0.000557187
-0.000538193
-0.000494656
-0.000422748
-0.000310417
-0.0001412
5.10898e-05
0.000272377
0.000521631
0.000729949
0.00099174
0.00132154
2.39e-05
-0.000115111
-0.000211226
-0.000272262
-0.000328402
-0.000397728
-0.00046712
-0.000529678
-0.000551777
-0.000533846
-0.000492899
-0.000420179
-0.000313026
-0.000155712
1.63221e-05
0.000169212
0.000329788
0.000540276
0.000794111
0.00110658
2.71995e-05
-0.000110833
-0.000212228
-0.000269576
-0.000326417
-0.000393272
-0.000462529
-0.00052497
-0.000546605
-0.000530108
-0.000491053
-0.00042059
-0.000319441
-0.000186794
-7.59006e-05
1.13138e-05
0.000179415
0.000392462
0.000620232
0.000898017
3.00422e-05
-0.000104304
-0.000210624
-0.000269415
-0.000324631
-0.000387699
-0.000456617
-0.000520344
-0.000542256
-0.00052699
-0.000490513
-0.000427382
-0.000345635
-0.000264902
-0.000199121
-9.52899e-05
6.5098e-05
0.000250149
0.00044134
0.000685548
3.30688e-05
-9.67963e-05
-0.000206425
-0.000267696
-0.000324031
-0.000381573
-0.000449114
-0.000516232
-0.000539813
-0.000524881
-0.000493981
-0.000446987
-0.000425158
-0.0003792
-0.00027769
-0.00017249
-4.912e-05
9.59497e-05
0.000253949
0.000469835
3.44959e-05
-8.77905e-05
-0.000199205
-0.000262826
-0.000322559
-0.000376211
-0.000443746
-0.000513101
-0.000539451
-0.000526898
-0.000515483
-0.000526319
-0.000506561
-0.000431654
-0.000338031
-0.000258759
-0.00017476
-6.93791e-05
5.82208e-05
0.000250821
3.68793e-05
-7.97361e-05
-0.000188921
-0.000255619
-0.000316007
-0.000373417
-0.00044224
-0.000514535
-0.000544676
-0.000550964
-0.000588912
-0.000588026
-0.000539779
-0.00047897
-0.000413239
-0.000361978
-0.000312818
-0.000243883
-0.000144051
2.92017e-05
3.60255e-05
-6.42277e-05
-0.000175104
-0.000242081
-0.000305717
-0.000371349
-0.000448836
-0.000528468
-0.000568318
-0.000613404
-0.000634663
-0.000613737
-0.000575729
-0.000538864
-0.00050356
-0.000478819
-0.000459004
-0.00042271
-0.000349401
-0.000192016
3.6035e-05
-5.67625e-05
-0.0001557
-0.000221413
-0.000290937
-0.000370853
-0.000462738
-0.000578748
-0.000641045
-0.000646147
-0.000645869
-0.000641847
-0.00062437
-0.000610198
-0.00060265
-0.000604423
-0.000611529
-0.000604399
-0.000554624
-0.00041024
4.36644e-05
-4.91551e-05
-0.000135662
-0.000200185
-0.000275985
-0.000379665
-0.000514203
-0.000626578
-0.00066854
-0.000666593
-0.00067412
-0.000685901
-0.000685664
-0.000690082
-0.000708108
-0.000737297
-0.000770221
-0.000787934
-0.000758483
-0.000626252
5.17655e-05
-3.46743e-05
-0.000116986
-0.000184468
-0.000275908
-0.00040193
-0.000546896
-0.000656403
-0.00070044
-0.000703953
-0.000714854
-0.000737099
-0.000753392
-0.000776379
-0.000818385
-0.000874956
-0.000933081
-0.000972259
-0.000960557
-0.000840018
6.52882e-05
-1.26512e-05
-0.000101811
-0.000176787
-0.000285037
-0.000440701
-0.000582401
-0.000683323
-0.00073223
-0.000743371
-0.000759871
-0.000793501
-0.000827887
-0.000870178
-0.000934478
-0.00101653
-0.00109874
-0.00115801
-0.00116198
-0.00105184
8.51839e-05
1.21935e-05
-8.93539e-05
-0.000183652
-0.000311465
-0.00047261
-0.000607716
-0.000706658
-0.000763168
-0.000786219
-0.000811338
-0.000856957
-0.000909965
-0.00097229
-0.00105737
-0.00116237
-0.00126789
-0.0013468
-0.00136473
-0.00126294
0.000110319
4.14605e-05
-8.01183e-05
-0.000207232
-0.00034694
-0.000499848
-0.000631444
-0.000731745
-0.000797159
-0.000833406
-0.000869897
-0.000928091
-0.000999519
-0.00108199
-0.00118663
-0.00131256
-0.00143995
-0.00153776
-0.00156832
-0.00147305
0.000136096
6.77049e-05
-7.49364e-05
-0.000228075
-0.000378768
-0.000530667
-0.000660998
-0.000762536
-0.000834987
-0.000884573
-0.000934241
-0.00100586
-0.00109555
-0.00119848
-0.00132242
-0.0014675
-0.00161441
-0.00172947
-0.00177141
-0.00168126
0.000161183
9.12781e-05
-6.96463e-05
-0.000246003
-0.000410073
-0.000565531
-0.000697566
-0.000800289
-0.000878288
-0.000940108
-0.00100402
-0.00109018
-0.00119805
-0.00132146
-0.00146438
-0.00162672
-0.0017902
-0.00192026
-0.00197257
-0.00188694
0.000184032
0.000111524
-6.29715e-05
-0.000261313
-0.000441699
-0.000603724
-0.000739424
-0.00084519
-0.00092825
-0.00100102
-0.00107955
-0.00118108
-0.00130665
-0.00144985
-0.00161117
-0.00178908
-0.00196661
-0.00210964
-0.00217162
-0.00209043
0.000204339
0.000128833
-5.54843e-05
-0.000274462
-0.000473793
-0.000645111
-0.000786004
-0.000896693
-0.000985663
-0.00106854
-0.00116128
-0.00127813
-0.00142062
-0.00158257
-0.00176165
-0.00195412
-0.00214386
-0.00229797
-0.00236865
-0.00229161
0.000222876
0.000143541
-5.0005e-05
-0.000287025
-0.000505923
-0.000689062
-0.000837
-0.000954352
-0.00105078
-0.00114352
-0.00124933
-0.00138076
-0.00153945
-0.00171905
-0.00191501
-0.00212119
-0.00232165
-0.00248478
-0.00256265
-0.00248917
0.000239208
0.000154818
-4.69927e-05
-0.000299648
-0.000537839
-0.000735258
-0.000892314
-0.00101768
-0.00112294
-0.00122582
-0.00134384
-0.00148899
-0.00166289
-0.00185898
-0.00207029
-0.00228895
-0.00249886
-0.00266918
-0.00275263
-0.0026822
0.000253115
0.000163545
-4.70579e-05
-0.00031394
-0.00057034
-0.000783492
-0.000951516
-0.00108608
-0.00120128
-0.00131495
-0.00144496
-0.00160296
-0.00179061
-0.0020012
-0.00222619
-0.00245597
-0.00267422
-0.0028506
-0.0029384
-0.00287058
0.000264282
0.000169091
-5.05395e-05
-0.000330693
-0.00060394
-0.000833669
-0.00101436
-0.00115909
-0.00128493
-0.00141
-0.00155197
-0.00172193
-0.00192173
-0.00214467
-0.00238173
-0.00262158
-0.00284726
-0.00302898
-0.00312024
-0.0030543
0.000272295
0.000171551
-5.74426e-05
-0.000350443
-0.000639554
-0.000885842
-0.00108048
-0.00123624
-0.00137306
-0.00150978
-0.00166362
-0.00184475
-0.00205538
-0.00228911
-0.00253662
-0.00278543
-0.00301755
-0.00320362
-0.00329744
-0.00323244
0.000276591
0.00017039
-6.79223e-05
-0.000373487
-0.00067751
-0.000940007
-0.00114933
-0.00131696
-0.00146505
-0.00161329
-0.00177872
-0.00197035
-0.00219075
-0.00243387
-0.00269018
-0.00294651
-0.00318397
-0.00337336
-0.00346899
-0.00340436
0.000277215
0.000165709
-8.17164e-05
-0.000400001
-0.000718077
-0.000996178
-0.00122056
-0.00140053
-0.00156007
-0.00171951
-0.00189609
-0.00209768
-0.00232679
-0.00257782
-0.00284134
-0.00310385
-0.00334575
-0.0035377
-0.00363452
-0.00356994
0.000273803
0.000157151
-9.90884e-05
-0.000429751
-0.000761477
-0.00105424
-0.00129371
-0.0014863
-0.00165718
-0.00182742
-0.00201445
-0.00222543
-0.00246218
-0.00271977
-0.00298907
-0.0032566
-0.00350213
-0.00369604
-0.00379341
-0.00372843
0.000266491
0.000144675
-0.00012
-0.000462525
-0.000807728
-0.00111418
-0.00136807
-0.0015734
-0.00175542
-0.0019359
-0.0021325
-0.00235177
-0.00259526
-0.00285845
-0.00313235
-0.00340379
-0.00365217
-0.00384752
-0.00394497
-0.00387913
0.000255255
0.000128301
-0.000144322
-0.000497862
-0.000856342
-0.00117575
-0.00144292
-0.00166064
-0.00185353
-0.00204369
-0.0022487
-0.00247522
-0.00272453
-0.00299257
-0.0032702
-0.00354449
-0.00379492
-0.00399129
-0.00408857
-0.0040216
0.000240284
0.000108435
-0.000171718
-0.000535189
-0.000906374
-0.00123824
-0.00151752
-0.00174689
-0.00194994
-0.00214902
-0.00236151
-0.00259439
-0.00284866
-0.00312072
-0.00340146
-0.00367782
-0.00392959
-0.00412655
-0.00422352
-0.00415533
0.000222144
8.55816e-05
-0.000201578
-0.000573914
-0.000956863
-0.00130049
-0.00159075
-0.00183087
-0.00204315
-0.00225019
-0.00246936
-0.00270782
-0.00296635
-0.0032416
-0.00352486
-0.0038028
-0.00405534
-0.00425242
-0.00434888
-0.00427948
0.000201567
6.0796e-05
-0.000232995
-0.000613098
-0.00100668
-0.00136121
-0.00166104
-0.00191087
-0.00213171
-0.0023458
-0.0025707
-0.00281397
-0.0030762
-0.00335398
-0.0036391
-0.00391823
-0.00417118
-0.00436804
-0.0044638
-0.0043932
0.0001797
3.50478e-05
-0.000264751
-0.000651265
-0.00105392
-0.00141864
-0.00172683
-0.00198484
-0.00221352
-0.00243414
-0.0026639
-0.00291102
-0.00317636
-0.00345628
-0.00374283
-0.00402283
-0.00427605
-0.00447261
-0.0045677
-0.00449605
0.000157686
9.7438e-06
-0.000295168
-0.000686449
-0.00109653
-0.00147061
-0.00178607
-0.00205053
-0.00228552
-0.00251204
-0.00274604
-0.00299604
-0.00326363
-0.00354527
-0.00383304
-0.00411368
-0.00436702
-0.00456314
-0.00465757
-0.00458517
0.000137592
-1.22449e-05
-0.000322317
-0.000717518
-0.00113207
-0.00151424
-0.00183543
-0.00210428
-0.00234357
-0.00257471
-0.00281248
-0.00306442
-0.00333337
-0.00361605
-0.00390486
-0.00418603
-0.00443945
-0.00463503
-0.00472854
-0.00465494
0.000120058
-3.22827e-05
-0.00034733
-0.00074832
-0.00116644
-0.00155559
-0.00188378
-0.00215702
-0.00240048
-0.00263578
-0.00287796
-0.00313276
-0.00340357
-0.00368768
-0.00397798
-0.00426048
-0.00451488
-0.00471102
-0.00480478
-0.00473131
0.00349441
0.00355213
0.00332644
0.00318128
0.00310793
0.00300311
0.00281146
0.0025415
0.00222502
0.00188637
0.00153728
0.00118361
0.000827874
0.0004699
0.00011026
-0.000253265
-0.000633727
-0.00104783
-0.0015047
-0.00201223
-0.00257966
-0.00321472
-0.00391854
-0.00468131
-0.00546377
-0.00619417
-0.00678395
-0.00715756
-0.00728105
-0.0071755
-0.0069109
-0.00657249
-0.00623168
-0.00593009
-0.00568427
-0.00549876
-0.00537254
-0.00529988
-0.00527227
-0.00527776
-0.00530829
-0.00535682
-0.00541562
-0.00547826
-0.00554637
-0.00562068
-0.00569616
-0.00576941
-0.00584437
-0.00592095
-0.00599498
-0.00606868
-0.00614383
-0.00621846
-0.00629229
-0.00636738
-0.00644302
-0.00651805
-0.00659275
-0.00666809
-0.0067446
-0.00682017
-0.0068949
-0.00697053
-0.00704672
-0.00712206
-0.00719816
-0.00727596
-0.0073539
-0.00743176
-0.00751146
-0.00759145
-0.00767244
-0.00775402
-0.00783641
-0.00791792
-0.0079997
-0.00808329
-0.00816748
-0.0082537
-0.00834088
-0.00842919
-0.0085161
-0.00860297
-0.00869031
-0.00877857
-0.00886813
-0.00895842
-0.00905024
-0.00914082
-0.00923025
-0.00932056
-0.00940873
-0.00950001
-0.00958866
-0.00967818
-0.00976073
-0.00984062
-0.00991243
-0.00998192
0.00287415
0.00315746
0.00321356
0.00316907
0.00309617
0.00297353
0.00277537
0.00250847
0.00219669
0.00186091
0.00151299
0.00115973
0.000804286
0.000446736
8.7753e-05
-0.000274569
-0.000653257
-0.00106548
-0.00152034
-0.00202497
-0.00258808
-0.00321742
-0.00391346
-0.0046647
-0.00543448
-0.00615382
-0.00673861
-0.00711688
-0.00724959
-0.00715278
-0.00689448
-0.00656002
-0.00622119
-0.00592147
-0.00567718
-0.00549274
-0.00536719
-0.00529499
-0.00526778
-0.00527354
-0.00530429
-0.00535305
-0.00541208
-0.00547489
-0.00554318
-0.0056177
-0.00569337
-0.00576678
-0.00584193
-0.0059187
-0.00599286
-0.00606671
-0.006142
-0.00621677
-0.0062907
-0.0063659
-0.00644164
-0.00651676
-0.00659152
-0.00666694
-0.00674352
-0.00681915
-0.00689392
-0.00696961
-0.00704584
-0.00712122
-0.00719735
-0.00727519
-0.00735316
-0.00743104
-0.00751077
-0.00759079
-0.00767179
-0.0077534
-0.00783581
-0.00791734
-0.00799914
-0.00808275
-0.00816695
-0.00825319
-0.00834038
-0.00842872
-0.00851563
-0.00860253
-0.00868988
-0.00877816
-0.00886773
-0.00895803
-0.00904986
-0.00914046
-0.0092299
-0.00932023
-0.0094084
-0.0094997
-0.00958835
-0.0096779
-0.00976044
-0.00984036
-0.00991217
-0.00998169
0.00254601
0.00290662
0.00313801
0.00320077
0.00313647
0.00298326
0.00275994
0.00248361
0.00217101
0.00183583
0.00148757
0.00113309
0.000776166
0.00041746
5.79559e-05
-0.000303956
-0.000680894
-0.00109077
-0.0015433
-0.0020443
-0.00260094
-0.00322058
-0.00390253
-0.00463155
-0.00537271
-0.00606404
-0.00662981
-0.00700444
-0.00715177
-0.00708156
-0.00684911
-0.006533
-0.00620534
-0.00591206
-0.00567307
-0.0054927
-0.00536941
-0.00529792
-0.00527056
-0.00527585
-0.005306
-0.00535411
-0.00541257
-0.00547495
-0.00554286
-0.00561703
-0.00569244
-0.00576566
-0.00584064
-0.00591729
-0.00599137
-0.00606518
-0.00614045
-0.00621521
-0.00628915
-0.00636435
-0.00644012
-0.00651528
-0.00659011
-0.00666557
-0.00674221
-0.0068179
-0.00689273
-0.00696847
-0.00704476
-0.0071202
-0.00719639
-0.00727429
-0.00735232
-0.00743026
-0.00751005
-0.00759011
-0.00767114
-0.00775277
-0.0078352
-0.00791677
-0.0079986
-0.00808226
-0.00816649
-0.00825276
-0.00833995
-0.0084283
-0.00851522
-0.00860214
-0.00868951
-0.00877782
-0.00886741
-0.00895772
-0.00904955
-0.00914017
-0.00922961
-0.00931997
-0.00940814
-0.00949947
-0.00958812
-0.00967769
-0.00976025
-0.00984019
-0.00991217
-0.00998172
0.00224342
0.00266197
0.00300388
0.00316218
0.00313609
0.0029761
0.00273258
0.00244335
0.00212787
0.0017944
0.00144818
0.00109448
0.000737154
0.000377794
1.8078e-05
-0.000343142
-0.000717887
-0.00112462
-0.001574
-0.0020699
-0.0026174
-0.00322322
-0.00388549
-0.00458776
-0.00529589
-0.00595563
-0.00649953
-0.00686974
-0.00703321
-0.00699322
-0.00679173
-0.00649879
-0.00618563
-0.0059009
-0.0056673
-0.00549057
-0.00536933
-0.00529845
-0.00527092
-0.00527574
-0.00530523
-0.0053526
-0.00541054
-0.00547263
-0.00554028
-0.00561417
-0.00568938
-0.00576251
-0.00583744
-0.00591407
-0.00598821
-0.00606209
-0.00613743
-0.00621231
-0.00628639
-0.0063617
-0.00643758
-0.00651287
-0.00658784
-0.00666343
-0.00674017
-0.00681596
-0.00689091
-0.00696676
-0.00704316
-0.00711869
-0.00719497
-0.00727295
-0.00735107
-0.00742912
-0.007509
-0.00758913
-0.00767021
-0.00775185
-0.0078343
-0.00791589
-0.00799777
-0.0080815
-0.00816579
-0.00825212
-0.00833932
-0.00842767
-0.00851457
-0.0086015
-0.00868892
-0.00877729
-0.00886692
-0.00895725
-0.00904906
-0.00913967
-0.00922912
-0.00931955
-0.00940775
-0.0094991
-0.00958775
-0.00967734
-0.00975998
-0.00983994
-0.00991232
-0.00998189
0.00197194
0.00244101
0.00285789
0.00309191
0.00311788
0.00297077
0.00271712
0.0024135
0.0020894
0.00175367
0.00140824
0.00105532
0.000697749
0.000337874
-2.18474e-05
-0.000382144
-0.000754616
-0.00115779
-0.00160328
-0.00209312
-0.0026298
-0.0032193
-0.00385891
-0.00453193
-0.00520707
-0.00583634
-0.00635963
-0.00672561
-0.00690393
-0.0068933
-0.00672467
-0.00645829
-0.00616253
-0.00588797
-0.00565992
-0.0054865
-0.00536733
-0.00529745
-0.0052702
-0.00527493
-0.00530397
-0.00535073
-0.00540823
-0.0054701
-0.00553751
-0.00561105
-0.005686
-0.00575902
-0.00583385
-0.0059104
-0.00598456
-0.00605848
-0.00613384
-0.00620882
-0.00628302
-0.00635841
-0.00643436
-0.00650977
-0.00658488
-0.0066606
-0.00673744
-0.00681336
-0.00688845
-0.00696441
-0.00704092
-0.0071166
-0.00719298
-0.00727107
-0.00734932
-0.00742751
-0.00750752
-0.00758776
-0.00766889
-0.00775055
-0.00783299
-0.00791463
-0.00799657
-0.00808041
-0.00816482
-0.00825124
-0.00833845
-0.00842678
-0.00851364
-0.00860058
-0.00868805
-0.00877654
-0.00886626
-0.00895661
-0.00904838
-0.00913895
-0.00922842
-0.00931893
-0.00940721
-0.00949858
-0.00958724
-0.00967681
-0.00975963
-0.00983958
-0.00991263
-0.00998222
0.00174061
0.00224313
0.00270583
0.00299874
0.00307974
0.00296285
0.00271198
0.00239517
0.00205702
0.00171397
0.00136693
0.00101397
0.000655882
0.000295606
-6.37261e-05
-0.000422744
-0.000792705
-0.00119174
-0.00163204
-0.00211463
-0.00263935
-0.00321096
-0.00382687
-0.00447118
-0.00511471
-0.00571471
-0.00621814
-0.0065794
-0.00677057
-0.00678721
-0.00665137
-0.00641338
-0.0061373
-0.00587435
-0.00565232
-0.00548213
-0.00536487
-0.00529601
-0.00526916
-0.00527395
-0.00530265
-0.00534885
-0.00540591
-0.00546754
-0.00553462
-0.00560773
-0.00568239
-0.00575527
-0.00582994
-0.00590637
-0.00598051
-0.00605444
-0.00612981
-0.00620487
-0.00627918
-0.00635463
-0.00643063
-0.00650617
-0.00658144
-0.0066573
-0.00673424
-0.00681031
-0.00688554
-0.00696162
-0.00703825
-0.00711409
-0.00719059
-0.00726879
-0.00734718
-0.00742556
-0.00750571
-0.00758607
-0.00766726
-0.00774893
-0.00783136
-0.00791305
-0.00799506
-0.00807904
-0.00816358
-0.00825013
-0.00833735
-0.00842564
-0.00851243
-0.00859939
-0.00868693
-0.00877558
-0.00886539
-0.00895578
-0.00904748
-0.00913801
-0.00922748
-0.0093181
-0.0094065
-0.00949789
-0.00958656
-0.00967608
-0.00975919
-0.0098391
-0.00991302
-0.00998267
0.00152401
0.00204529
0.0025442
0.00288526
0.0030196
0.0029429
0.0027065
0.00238221
0.00202866
0.00167438
0.00132282
0.000968603
0.000609579
0.000249019
-0.000109451
-0.000466629
-0.000833308
-0.00122723
-0.00166098
-0.00213521
-0.00264739
-0.00320022
-0.00379181
-0.00440779
-0.00502053
-0.00559197
-0.00607594
-0.0064318
-0.00663359
-0.0066751
-0.00657143
-0.00636342
-0.00610932
-0.00585963
-0.00564436
-0.00547744
-0.00536191
-0.00529392
-0.00526746
-0.00527236
-0.00530084
-0.00534654
-0.00540319
-0.0054646
-0.00553135
-0.00560404
-0.00567841
-0.00575114
-0.00582562
-0.00590189
-0.00597601
-0.00604995
-0.00612532
-0.00620047
-0.0062749
-0.00635042
-0.0064265
-0.0065022
-0.00657765
-0.00665366
-0.00673071
-0.00680694
-0.00688233
-0.00695854
-0.0070353
-0.00711131
-0.00718793
-0.00726626
-0.0073448
-0.00742338
-0.00750368
-0.00758419
-0.00766542
-0.0077471
-0.0078295
-0.00791125
-0.00799334
-0.00807749
-0.00816218
-0.00824886
-0.00833607
-0.00842432
-0.00851103
-0.008598
-0.0086856
-0.00877444
-0.00886437
-0.00895481
-0.0090464
-0.00913687
-0.00922635
-0.00931711
-0.00940566
-0.00949705
-0.00958575
-0.00967517
-0.00975866
-0.00983855
-0.00991341
-0.00998317
0.00130347
0.00183972
0.00237319
0.00275674
0.00293939
0.00290738
0.00269433
0.00237042
0.0020036
0.00163542
0.00127615
0.000919299
0.00055902
0.000198194
-0.000159047
-0.000513665
-0.000875925
-0.00126359
-0.00168968
-0.0021545
-0.00265329
-0.00318658
-0.0037533
-0.00434109
-0.00492404
-0.00546799
-0.00593295
-0.0062828
-0.00649333
-0.00655728
-0.0064845
-0.00630726
-0.00607702
-0.00584245
-0.00563515
-0.00547206
-0.00535824
-0.00529091
-0.00526477
-0.00526986
-0.00529825
-0.00534356
-0.00539984
-0.0054611
-0.00552761
-0.0055999
-0.00567395
-0.00574653
-0.00582081
-0.00589694
-0.00597106
-0.00604502
-0.0061204
-0.00619568
-0.00627025
-0.00634586
-0.00642203
-0.0064979
-0.00657355
-0.00664974
-0.00672689
-0.0068033
-0.00687886
-0.00695521
-0.00703209
-0.00710829
-0.00718504
-0.0072635
-0.00734222
-0.00742101
-0.00750148
-0.00758214
-0.00766341
-0.00774511
-0.00782747
-0.00790928
-0.00799145
-0.00807579
-0.00816064
-0.00824748
-0.00833467
-0.00842287
-0.00850947
-0.00859646
-0.00868414
-0.00877319
-0.00886326
-0.00895373
-0.00904521
-0.00913559
-0.00922508
-0.00931598
-0.00940473
-0.00949611
-0.00958484
-0.00967414
-0.00975807
-0.00983799
-0.00991377
-0.00998372
0.00107788
0.0016267
0.00219323
0.00261697
0.00284297
0.00285486
0.00267193
0.00235651
0.00198127
0.00159874
0.0012288
0.000867519
0.000505786
0.000144453
-0.000211806
-0.000563411
-0.000920238
-0.00130049
-0.00171786
-0.00217205
-0.00265631
-0.00316966
-0.00371156
-0.00427153
-0.00482577
-0.00534343
-0.00578954
-0.00613246
-0.00634987
-0.00643367
-0.00638984
-0.0062437
-0.0060393
-0.00582205
-0.0056244
-0.00546595
-0.00535404
-0.00528719
-0.00526114
-0.00526636
-0.00529472
-0.00533975
-0.00539576
-0.00545697
-0.00552336
-0.0055953
-0.00566907
-0.00574152
-0.00581563
-0.00589163
-0.00596577
-0.00603976
-0.00611513
-0.00619054
-0.00626527
-0.00634097
-0.00641724
-0.00649329
-0.00656916
-0.00664554
-0.00672282
-0.00679939
-0.00687515
-0.00695165
-0.00702865
-0.00710505
-0.00718194
-0.00726055
-0.00733944
-0.00741848
-0.00749913
-0.00757994
-0.00766126
-0.00774295
-0.00782527
-0.00790715
-0.00798942
-0.00807395
-0.00815899
-0.00824599
-0.00833317
-0.00842129
-0.00850779
-0.00859479
-0.00868257
-0.00877184
-0.00886206
-0.00895255
-0.00904391
-0.00913419
-0.00922372
-0.00931476
-0.00940374
-0.00949507
-0.00958387
-0.00967303
-0.00975742
-0.00983743
-0.00991407
-0.00998431
0.000849418
0.00140868
0.00200658
0.0024695
0.0027353
0.00278773
0.00263762
0.00233731
0.0019598
0.00156492
0.00118205
0.000813866
0.000450521
8.86308e-05
-0.000267393
-0.000615943
-0.000966456
-0.00133808
-0.0017454
-0.00218771
-0.00265655
-0.00314976
-0.00366714
-0.00419964
-0.00472576
-0.00521791
-0.00564536
-0.00598061
-0.0062033
-0.00630471
-0.00628798
-0.00617278
-0.00599579
-0.00579805
-0.00561192
-0.00545905
-0.00534935
-0.00528296
-0.00525668
-0.00526182
-0.00529017
-0.00533506
-0.00539099
-0.00545227
-0.00551859
-0.00559028
-0.00566383
-0.00573616
-0.0058101
-0.00588596
-0.00596009
-0.0060341
-0.00610945
-0.00618499
-0.00625993
-0.00633576
-0.00641212
-0.00648837
-0.00656447
-0.00664106
-0.00671847
-0.00679521
-0.00687116
-0.00694783
-0.00702497
-0.00710156
-0.00717861
-0.00725738
-0.00733647
-0.00741575
-0.00749659
-0.00757758
-0.00765894
-0.00774063
-0.00782291
-0.00790486
-0.00798724
-0.00807198
-0.00815723
-0.00824439
-0.00833155
-0.00841959
-0.00850598
-0.00859298
-0.00868089
-0.00877038
-0.00886077
-0.00895126
-0.00904252
-0.00913267
-0.00922227
-0.00931343
-0.00940268
-0.00949395
-0.00958283
-0.00967186
-0.00975672
-0.00983689
-0.00991429
-0.00998491
0.000619845
0.00118857
0.0018156
0.00231636
0.00261965
0.0027089
0.00259116
0.00231034
0.00193646
0.00153305
0.00113689
0.000759108
0.000393339
3.13084e-05
-0.000325031
-0.000671142
-0.00101498
-0.00137672
-0.00177238
-0.00220148
-0.00265409
-0.00312674
-0.00361968
-0.00412528
-0.004624
-0.00509147
-0.00550088
-0.00582817
-0.00605473
-0.00617158
-0.00617978
-0.00609454
-0.00594577
-0.00576948
-0.00559686
-0.00545093
-0.005344
-0.00527829
-0.00525162
-0.00525635
-0.00528464
-0.00532948
-0.00538541
-0.00544684
-0.00551314
-0.00558467
-0.00565809
-0.00573033
-0.0058041
-0.00587982
-0.00595397
-0.00602803
-0.00610341
-0.0061791
-0.00625424
-0.0063302
-0.00640665
-0.00648309
-0.00655942
-0.00663624
-0.00671381
-0.00679074
-0.00686688
-0.00694372
-0.00702101
-0.00709781
-0.00717502
-0.00725397
-0.00733327
-0.00741281
-0.00749386
-0.00757502
-0.00765644
-0.00773813
-0.00782038
-0.00790239
-0.0079849
-0.00806986
-0.00815533
-0.00824266
-0.00832982
-0.00841775
-0.00850404
-0.00859104
-0.00867909
-0.00876881
-0.0088594
-0.00894988
-0.00904103
-0.00913104
-0.00922072
-0.009312
-0.00940155
-0.00949275
-0.00958172
-0.00967061
-0.00975595
-0.00983636
-0.00991441
-0.00998551
0.000391327
0.000970156
0.00162367
0.00215903
0.00249704
0.00261953
0.00253244
0.0022736
0.00190785
0.00150037
0.00109292
0.000704166
0.000334235
-2.74572e-05
-0.000383813
-0.000728554
-0.00106603
-0.0014164
-0.00179845
-0.00221307
-0.00264888
-0.0031008
-0.00356952
-0.00404904
-0.00452145
-0.00496494
-0.00535669
-0.00567575
-0.00590481
-0.00603478
-0.00606555
-0.00600888
-0.00588865
-0.00573553
-0.00557856
-0.0054413
-0.00533802
-0.00527317
-0.00524606
-0.00525007
-0.00527801
-0.00532275
-0.00537873
-0.00544045
-0.00550689
-0.00557836
-0.00565182
-0.0057241
-0.00579771
-0.00587331
-0.00594749
-0.0060216
-0.00609698
-0.00617279
-0.00624807
-0.00632417
-0.00640075
-0.00647741
-0.006554
-0.00663108
-0.00670881
-0.00678594
-0.00686227
-0.00693928
-0.00701674
-0.00709377
-0.00717116
-0.00725029
-0.00732985
-0.00740967
-0.00749094
-0.00757228
-0.00765377
-0.00773544
-0.00781765
-0.00789973
-0.00798239
-0.00806757
-0.0081533
-0.00824079
-0.00832796
-0.00841577
-0.00850197
-0.00858895
-0.00867717
-0.00876712
-0.00885794
-0.00894839
-0.00903945
-0.00912928
-0.00921907
-0.00931047
-0.00940035
-0.00949148
-0.00958052
-0.00966931
-0.00975511
-0.00983582
-0.00991444
-0.00998609
0.000166907
0.000755897
0.0014323
0.00199769
0.00236686
0.00251957
0.00246137
0.00222574
0.0018717
0.00146424
0.00104907
0.000649945
0.000273768
-8.78132e-05
-0.000442784
-0.000786538
-0.00111857
-0.00145677
-0.00182351
-0.00222273
-0.00264151
-0.00307264
-0.00351716
-0.0039711
-0.00441821
-0.00483852
-0.00521273
-0.00552334
-0.00575398
-0.00589507
-0.00594611
-0.00591634
-0.00582437
-0.00569565
-0.00555622
-0.00542936
-0.00533091
-0.00526736
-0.00523989
-0.00524308
-0.00527034
-0.00531477
-0.00537088
-0.00543309
-0.00549987
-0.00557138
-0.00564495
-0.00571738
-0.00579085
-0.00586626
-0.00594046
-0.00601463
-0.00609003
-0.00616599
-0.00624146
-0.00631772
-0.00639447
-0.00647136
-0.00654821
-0.00662553
-0.00670344
-0.00678078
-0.00685734
-0.00693451
-0.00701215
-0.00708945
-0.00716703
-0.00724633
-0.00732617
-0.00740631
-0.00748781
-0.00756932
-0.00765088
-0.00773254
-0.00781472
-0.00789687
-0.0079797
-0.00806513
-0.00815113
-0.00823878
-0.00832597
-0.00841364
-0.00849975
-0.0085867
-0.00867511
-0.0087653
-0.00885638
-0.00894679
-0.00903776
-0.0091274
-0.0092173
-0.00930884
-0.00939906
-0.00949015
-0.00957924
-0.00966795
-0.0097542
-0.00983527
-0.00991438
-0.00998663
-5.31936e-05
0.000544897
0.00124075
0.0018319
0.00222885
0.00240944
0.00237865
0.00216673
0.00182697
0.00142277
0.00100389
0.000596847
0.000213383
-0.000149162
-0.000501366
-0.000843474
-0.00117168
-0.00149869
-0.00184882
-0.00223107
-0.0026323
-0.00304245
-0.00346263
-0.00389135
-0.0043143
-0.00471259
-0.00506946
-0.00537117
-0.00560272
-0.00575346
-0.00582236
-0.00581727
-0.00575262
-0.00564901
-0.00552885
-0.00541415
-0.00532208
-0.00526069
-0.00523305
-0.00523553
-0.00526189
-0.00530565
-0.00536182
-0.00542463
-0.00549188
-0.00556349
-0.00563718
-0.00570987
-0.00578335
-0.00585863
-0.0059329
-0.00600719
-0.00608264
-0.00615876
-0.00623443
-0.00631079
-0.00638767
-0.00646483
-0.00654197
-0.00661955
-0.00669768
-0.00677525
-0.00685207
-0.00692942
-0.00700722
-0.00708478
-0.0071626
-0.00724208
-0.0073222
-0.00740268
-0.00748445
-0.00756614
-0.00764778
-0.00772942
-0.00781158
-0.0078938
-0.00797682
-0.0080625
-0.0081488
-0.00823663
-0.00832385
-0.00841135
-0.00849737
-0.00858428
-0.00867291
-0.00876335
-0.00885472
-0.00894508
-0.00903595
-0.00912538
-0.0092154
-0.0093071
-0.00939769
-0.00948874
-0.00957786
-0.00966653
-0.0097532
-0.00983468
-0.00991423
-0.00998713
-0.000271394
0.000334579
0.00104763
0.00166168
0.0020837
0.00228996
0.00228498
0.0020965
0.00177282
0.0013748
0.00095548
0.00054399
0.000153897
-0.000211287
-0.000560522
-0.000899512
-0.0012247
-0.00154233
-0.00187488
-0.00223767
-0.00262076
-0.00301038
-0.00340643
-0.00381038
-0.00421025
-0.00458782
-0.0049278
-0.00521991
-0.0054515
-0.00561076
-0.00569529
-0.00571231
-0.00567365
-0.00559529
-0.00549573
-0.00539499
-0.00531092
-0.00525295
-0.00522559
-0.00522741
-0.00525291
-0.00529563
-0.00535146
-0.0054148
-0.00548263
-0.00555452
-0.00562847
-0.00570159
-0.00577532
-0.0058506
-0.0059249
-0.00599925
-0.00607473
-0.00615097
-0.00622685
-0.00630335
-0.00638038
-0.00645785
-0.00653535
-0.00661319
-0.00669151
-0.00676932
-0.0068464
-0.00692395
-0.00700192
-0.00707973
-0.00715783
-0.00723753
-0.00731798
-0.00739882
-0.00748089
-0.00756277
-0.00764447
-0.00772607
-0.00780821
-0.00789049
-0.00797373
-0.00805968
-0.00814633
-0.00823433
-0.00832156
-0.00840889
-0.00849481
-0.00858169
-0.00867056
-0.00876128
-0.00885295
-0.00894326
-0.009034
-0.00912324
-0.00921337
-0.00930527
-0.00939621
-0.00948727
-0.00957637
-0.00966505
-0.00975211
-0.00983405
-0.00991399
-0.00998755
-0.000488016
0.000124543
0.000852976
0.00148793
0.00193292
0.0021627
0.00218156
0.00201547
0.00170905
0.00131984
0.000902496
0.000489613
9.49917e-05
-0.000273785
-0.000620589
-0.000954464
-0.00127565
-0.00158558
-0.00190126
-0.00224268
-0.00260676
-0.00297697
-0.00334953
-0.00372884
-0.00410631
-0.00446422
-0.00478809
-0.00507011
-0.00530045
-0.00546732
-0.0055659
-0.00560251
-0.00558787
-0.00553433
-0.00545626
-0.00537122
-0.00529675
-0.00524356
-0.00521734
-0.00521859
-0.00524328
-0.00528485
-0.0053398
-0.00540343
-0.00547207
-0.0055445
-0.00561891
-0.00569251
-0.0057665
-0.00584187
-0.00591621
-0.00599061
-0.00606619
-0.00614265
-0.0062188
-0.00629549
-0.00637264
-0.00645036
-0.00652824
-0.00660637
-0.0066849
-0.00676295
-0.00684032
-0.00691809
-0.00699627
-0.00707434
-0.00715275
-0.0072327
-0.00731349
-0.00739468
-0.00747706
-0.00755913
-0.0076409
-0.00772245
-0.00780458
-0.00788694
-0.00797043
-0.00805668
-0.0081437
-0.00823189
-0.00831913
-0.00840626
-0.00849207
-0.00857891
-0.00866805
-0.00875907
-0.00885106
-0.00894133
-0.0090319
-0.00912095
-0.00921119
-0.00930332
-0.00939462
-0.00948573
-0.00957478
-0.00966348
-0.00975093
-0.00983336
-0.00991367
-0.00998787
-0.00070275
-8.4764e-05
0.000657256
0.00131137
0.00177777
0.00202921
0.00206976
0.0019246
0.00163596
0.00125768
0.000844175
0.000432184
3.62991e-05
-0.00033497
-0.000680076
-0.00100776
-0.00132327
-0.00162665
-0.00192804
-0.00224776
-0.00259096
-0.00294245
-0.00329283
-0.00364744
-0.00400266
-0.00434189
-0.00465063
-0.00492255
-0.00515025
-0.00532342
-0.00543501
-0.00548893
-0.00549568
-0.00546579
-0.0054098
-0.005342
-0.00527877
-0.00523163
-0.00520771
-0.00520887
-0.00523278
-0.00527342
-0.00532727
-0.00539072
-0.00546014
-0.00553325
-0.00560818
-0.00568229
-0.00575657
-0.00583226
-0.00590696
-0.00598149
-0.00605715
-0.00613381
-0.00621021
-0.00628705
-0.00636432
-0.00644227
-0.00652058
-0.0065991
-0.00667786
-0.00675613
-0.00683381
-0.00691183
-0.00699023
-0.00706857
-0.00714727
-0.00722747
-0.00730865
-0.00739024
-0.00747295
-0.00755525
-0.00763711
-0.00771857
-0.00780067
-0.00788313
-0.0079669
-0.00805349
-0.00814089
-0.00822926
-0.0083165
-0.0084034
-0.00848911
-0.00857595
-0.00866537
-0.00875672
-0.00884903
-0.00893926
-0.00902964
-0.00911853
-0.00920887
-0.00930127
-0.00939291
-0.0094841
-0.00957309
-0.00966184
-0.00974966
-0.0098326
-0.00991328
-0.0099881
-0.000915906
-0.000293191
0.00046068
0.0011323
0.00161891
0.00189037
0.00195029
0.00182416
0.00155299
0.00118749
0.00078016
0.000370854
-2.32578e-05
-0.000394674
-0.000738724
-0.00106055
-0.00136861
-0.00166512
-0.00195487
-0.00225406
-0.00257415
-0.00290626
-0.00323641
-0.00356705
-0.00389995
-0.00422145
-0.00451618
-0.00477818
-0.00500204
-0.00517949
-0.00530284
-0.00537271
-0.0053983
-0.00539021
-0.00535635
-0.00530696
-0.00525634
-0.00521654
-0.00519615
-0.00519822
-0.00522164
-0.0052615
-0.00531428
-0.00537687
-0.00544654
-0.0055204
-0.0055961
-0.00567103
-0.00574576
-0.00582183
-0.00589708
-0.00597177
-0.00604738
-0.00612423
-0.00620097
-0.00627804
-0.00635548
-0.00643372
-0.00651244
-0.00659136
-0.0066704
-0.00674888
-0.00682683
-0.00690509
-0.00698372
-0.00706237
-0.00714139
-0.00722189
-0.00730354
-0.00738558
-0.0074686
-0.00755109
-0.00763303
-0.00771442
-0.00779648
-0.00787905
-0.00796313
-0.00805009
-0.0081379
-0.00822645
-0.00831369
-0.00840037
-0.00848596
-0.00857282
-0.00866253
-0.00875423
-0.00884684
-0.00893705
-0.00902723
-0.00911596
-0.00920639
-0.0092991
-0.00939107
-0.00948238
-0.0095713
-0.00966011
-0.00974829
-0.00983176
-0.00991279
-0.00998819
-0.00112687
-0.000499633
0.000264404
0.0009514
0.0014566
0.00174675
0.00182417
0.00171523
0.00146094
0.00110971
0.000710997
0.000305903
-8.47436e-05
-0.000453845
-0.000796289
-0.00111296
-0.00141226
-0.00170021
-0.00197962
-0.00226068
-0.00255708
-0.00286839
-0.00318017
-0.00348891
-0.00379946
-0.00410357
-0.00438509
-0.00463726
-0.00485644
-0.00503621
-0.00516957
-0.00525454
-0.0052972
-0.00530834
-0.00529569
-0.00526548
-0.00522876
-0.00519769
-0.00518209
-0.00518625
-0.00520979
-0.00524873
-0.00530045
-0.00536204
-0.0054314
-0.00550595
-0.00558274
-0.00565867
-0.00573387
-0.0058102
-0.00588608
-0.00596126
-0.00603698
-0.00611405
-0.0061912
-0.00626853
-0.00634614
-0.00642468
-0.00650379
-0.00658306
-0.0066624
-0.00674111
-0.0068193
-0.00689782
-0.00697676
-0.00705578
-0.0071352
-0.00721598
-0.00729808
-0.0073806
-0.00746393
-0.00754659
-0.00762862
-0.00770997
-0.00779199
-0.0078747
-0.00795913
-0.00804649
-0.00813472
-0.00822346
-0.00831067
-0.00839712
-0.00848257
-0.00856948
-0.00865951
-0.00875159
-0.00884449
-0.00893469
-0.00902464
-0.00911325
-0.00920377
-0.00929681
-0.00938912
-0.00948056
-0.0095694
-0.00965828
-0.00974681
-0.00983082
-0.00991221
-0.00998815
-0.00133488
-0.000703035
6.97527e-05
0.00076966
0.00129128
0.00159887
0.00169292
0.00160003
0.00136182
0.0010252
0.000636672
0.000237101
-0.000149179
-0.000513752
-0.000852559
-0.00116411
-0.00145431
-0.00173186
-0.00200094
-0.00226689
-0.00254134
-0.00283058
-0.00312429
-0.00341363
-0.00370232
-0.0039884
-0.00425716
-0.00449984
-0.00471394
-0.00489458
-0.00503575
-0.00513466
-0.00519346
-0.00522132
-0.00522781
-0.00521707
-0.00519567
-0.00517464
-0.00516488
-0.00517201
-0.00519654
-0.00523491
-0.00528569
-0.00534667
-0.00541536
-0.00548991
-0.00556776
-0.0056449
-0.00572073
-0.00579742
-0.00587402
-0.00595001
-0.00602607
-0.00610325
-0.00618072
-0.00625837
-0.00633616
-0.00641499
-0.00649454
-0.00657415
-0.0066538
-0.00673286
-0.00681133
-0.00689012
-0.00696935
-0.00704874
-0.00712856
-0.00720964
-0.0072922
-0.00737528
-0.00745899
-0.00754181
-0.00762389
-0.00770521
-0.00778721
-0.00787008
-0.00795488
-0.00804267
-0.00813131
-0.00822022
-0.00830738
-0.00839364
-0.00847899
-0.00856596
-0.00865631
-0.00874878
-0.00884196
-0.00893217
-0.00902188
-0.00911041
-0.00920102
-0.00929437
-0.00938703
-0.00947862
-0.0095674
-0.00965636
-0.00974525
-0.00982977
-0.00991152
-0.00998797
-0.00153993
-0.000903482
-0.000122908
0.000587756
0.00112356
0.00144744
0.00155777
0.00148019
0.00125657
0.000933624
0.000556043
0.000163678
-0.000216881
-0.000575121
-0.000907872
-0.00121351
-0.00149508
-0.00176133
-0.00201918
-0.00227207
-0.00252731
-0.00279405
-0.00306851
-0.00334028
-0.003609
-0.0038767
-0.00413278
-0.00436666
-0.00457546
-0.00475592
-0.00490272
-0.00501344
-0.00508765
-0.00513071
-0.00515363
-0.00516161
-0.00515668
-0.00514676
-0.00514375
-0.00515484
-0.00518157
-0.00522038
-0.0052703
-0.00533062
-0.00539864
-0.00547246
-0.0055509
-0.00562958
-0.00570641
-0.0057836
-0.00586083
-0.00593758
-0.00601425
-0.00609171
-0.00616947
-0.0062475
-0.00632559
-0.00640475
-0.00648479
-0.00656479
-0.00664472
-0.00672414
-0.00680291
-0.00688185
-0.00696132
-0.00704113
-0.00712148
-0.00720297
-0.00728602
-0.00736965
-0.00745373
-0.0075367
-0.00761878
-0.00770007
-0.00778212
-0.0078652
-0.00795038
-0.00803861
-0.00812766
-0.00821676
-0.00830389
-0.00838995
-0.0084752
-0.00856225
-0.00865291
-0.0087458
-0.00883925
-0.00892946
-0.00901893
-0.0091074
-0.00919812
-0.0092918
-0.0093848
-0.00947655
-0.0095653
-0.00965434
-0.00974358
-0.00982862
-0.00991071
-0.0099876
-0.00174273
-0.00110169
-0.00031369
0.000406528
0.000954744
0.00129358
0.00141942
0.00135622
0.00114566
0.000835344
0.00046944
8.62684e-05
-0.000286866
-0.000637653
-0.000962789
-0.00126129
-0.00153459
-0.00178956
-0.00203495
-0.00227522
-0.00251388
-0.00275929
-0.00301363
-0.00326881
-0.00352032
-0.00377025
-0.00401295
-0.00423829
-0.00444169
-0.00462093
-0.00477145
-0.00489133
-0.00497967
-0.0050375
-0.00507456
-0.00509912
-0.00511123
-0.00511386
-0.00511858
-0.00513455
-0.0051644
-0.00520461
-0.00525397
-0.00531333
-0.005381
-0.00545413
-0.00553238
-0.00561252
-0.00569081
-0.00576859
-0.00584638
-0.00592385
-0.00600137
-0.00607955
-0.00615767
-0.00623596
-0.0063144
-0.00639396
-0.0064745
-0.00655493
-0.00663506
-0.00671471
-0.00679381
-0.00687301
-0.00695276
-0.00703307
-0.007114
-0.00719593
-0.00727946
-0.00736362
-0.00744806
-0.00753124
-0.00761336
-0.00769459
-0.00777669
-0.00786004
-0.00794565
-0.00803433
-0.00812381
-0.00821305
-0.00830009
-0.00838596
-0.00847115
-0.00855836
-0.00864935
-0.00874265
-0.00883633
-0.00892656
-0.00901578
-0.00910423
-0.00919511
-0.00928909
-0.00938243
-0.00947434
-0.00956309
-0.00965222
-0.00974181
-0.00982733
-0.00990976
-0.00998708
-0.00194299
-0.0012972
-0.0005018
0.000227413
0.000786517
0.00113839
0.00127818
0.00122843
0.00103035
0.000732289
0.000378566
5.82571e-06
-0.000358888
-0.00070178
-0.00101854
-0.0013085
-0.00157299
-0.00181703
-0.0020493
-0.00227639
-0.00250035
-0.00272689
-0.00296142
-0.00319994
-0.00343604
-0.00366956
-0.0038982
-0.00411463
-0.00431275
-0.00448992
-0.00464273
-0.00476955
-0.00486998
-0.00494231
-0.00499236
-0.00503075
-0.00505917
-0.00507579
-0.0050891
-0.00511035
-0.00514405
-0.00518669
-0.00523641
-0.00529498
-0.00536244
-0.00543548
-0.00551291
-0.00559356
-0.00567362
-0.00575239
-0.00583072
-0.00590888
-0.00598726
-0.00606645
-0.00614523
-0.0062237
-0.00630245
-0.00638256
-0.00646362
-0.00654443
-0.0066248
-0.00670468
-0.00678415
-0.00686374
-0.00694374
-0.00702444
-0.00710596
-0.00718843
-0.00727256
-0.00735729
-0.00744209
-0.00752543
-0.00760756
-0.00768871
-0.00777085
-0.00785458
-0.0079407
-0.00802983
-0.00811967
-0.00820902
-0.00829601
-0.00838174
-0.00846691
-0.00855432
-0.00864562
-0.00873929
-0.0088332
-0.00892346
-0.00901246
-0.00910091
-0.00919199
-0.00928624
-0.00937988
-0.00947197
-0.00956075
-0.00964999
-0.00973993
-0.00982593
-0.00990868
-0.00998637
-0.00213948
-0.00148897
-0.000686455
5.10682e-05
0.000619618
0.000982525
0.00113465
0.00109768
0.000912173
0.000626172
0.000284213
-7.79999e-05
-0.000433827
-0.000768114
-0.00107552
-0.00135556
-0.00161017
-0.0018435
-0.00206289
-0.0022762
-0.0024864
-0.00269659
-0.00291249
-0.00313406
-0.00335546
-0.00357443
-0.00378947
-0.00399626
-0.00418907
-0.00436378
-0.00451775
-0.00464974
-0.00475971
-0.00484535
-0.00490809
-0.00495791
-0.00500043
-0.00503176
-0.00505504
-0.005082
-0.0051202
-0.00516642
-0.00521764
-0.00527589
-0.00534286
-0.00541594
-0.00549268
-0.00557288
-0.00565446
-0.00573489
-0.00581389
-0.00589267
-0.00597182
-0.00605211
-0.00613208
-0.00621096
-0.00628979
-0.00637038
-0.00645208
-0.00653335
-0.00661406
-0.0066942
-0.00677388
-0.00685381
-0.00693415
-0.00701529
-0.00709747
-0.00718057
-0.00726531
-0.00735058
-0.00743566
-0.0075191
-0.0076013
-0.00768249
-0.00776472
-0.00784884
-0.00793553
-0.00802511
-0.0081153
-0.00820477
-0.00829165
-0.00837723
-0.0084624
-0.00855005
-0.00864174
-0.00873577
-0.00882985
-0.00892014
-0.00900894
-0.00909742
-0.00918874
-0.00928322
-0.00937717
-0.00946946
-0.00955832
-0.00964767
-0.00973793
-0.00982439
-0.00990743
-0.00998546
-0.00233167
-0.00167691
-0.000867833
-0.000122681
0.000454345
0.000827001
0.0009903
0.00096539
0.000792106
0.000517656
0.000186694
-0.00016499
-0.000511115
-0.000835762
-0.00113294
-0.0014024
-0.00164652
-0.00186924
-0.00207643
-0.00227591
-0.00247241
-0.00266805
-0.0028671
-0.00307211
-0.00327909
-0.00348483
-0.00368751
-0.00388422
-0.00407109
-0.00424324
-0.00439742
-0.00453295
-0.00465004
-0.0047468
-0.00482191
-0.00488213
-0.00493622
-0.00498174
-0.00501651
-0.00504984
-0.00509262
-0.00514323
-0.0051969
-0.00525538
-0.00532185
-0.00539503
-0.00547193
-0.00555156
-0.00563354
-0.00571577
-0.00579606
-0.00587536
-0.00595516
-0.00603646
-0.00611785
-0.00619757
-0.00627639
-0.00635734
-0.00643998
-0.00652191
-0.00660282
-0.00668312
-0.00676294
-0.00684319
-0.00692404
-0.00700571
-0.00708846
-0.00717215
-0.00725757
-0.00734345
-0.00742889
-0.00751248
-0.00759473
-0.00767597
-0.00775824
-0.00784273
-0.00793008
-0.00802021
-0.0081107
-0.00820017
-0.00828687
-0.00837237
-0.00845768
-0.00854567
-0.00863775
-0.00873209
-0.00882624
-0.00891654
-0.00900525
-0.00909381
-0.00918539
-0.00928008
-0.00937427
-0.00946678
-0.00955578
-0.00964525
-0.00973578
-0.00982267
-0.00990602
-0.00998438
-0.0025196
-0.00186118
-0.00104598
-0.000293476
0.000291651
0.000673383
0.000846831
0.000832794
0.000670715
0.000407238
8.70395e-05
-0.000253848
-0.000589551
-0.000904157
-0.0011911
-0.00145003
-0.00168338
-0.00189511
-0.00209037
-0.00227631
-0.00245897
-0.00264106
-0.00282517
-0.00301454
-0.00320747
-0.00340068
-0.00359221
-0.00377932
-0.00395947
-0.00412864
-0.00428239
-0.00441995
-0.00454217
-0.00464762
-0.00473418
-0.00480486
-0.00486839
-0.0049259
-0.0049729
-0.00501384
-0.00506104
-0.00511632
-0.00517358
-0.00523332
-0.00529987
-0.00537314
-0.00545045
-0.00552992
-0.00561128
-0.0056946
-0.00577697
-0.00585705
-0.00593713
-0.0060193
-0.00610224
-0.00618344
-0.00626271
-0.00634382
-0.00642718
-0.00650981
-0.00659087
-0.00667136
-0.00675143
-0.00683194
-0.00691331
-0.00699564
-0.00707902
-0.00716334
-0.00724953
-0.00733608
-0.00742182
-0.00750538
-0.00758755
-0.00766888
-0.00775144
-0.00783642
-0.00792442
-0.00801507
-0.00810579
-0.00819521
-0.0082818
-0.00836729
-0.00845281
-0.00854114
-0.00863356
-0.00872817
-0.00882236
-0.00891268
-0.00900142
-0.0090901
-0.00918193
-0.00927677
-0.00937114
-0.00946392
-0.00955316
-0.00964278
-0.00973351
-0.0098208
-0.00990444
-0.00998308
-0.00270283
-0.00204104
-0.00122003
-0.000460296
0.000132713
0.000522846
0.000705304
0.000700769
0.000548828
0.000295944
-1.34905e-05
-0.000343616
-0.000668895
-0.000973644
-0.00125066
-0.00149894
-0.00172098
-0.00192105
-0.00210442
-0.00227757
-0.00244679
-0.00261589
-0.00278667
-0.00296174
-0.00314127
-0.00332255
-0.00350372
-0.00368204
-0.00385501
-0.00402015
-0.00417296
-0.00431147
-0.00443725
-0.00454941
-0.00464568
-0.00472653
-0.00479828
-0.00486517
-0.00492402
-0.00497413
-0.00502596
-0.00508568
-0.00514759
-0.0052097
-0.00527664
-0.0053499
-0.00542758
-0.00550756
-0.00558841
-0.0056717
-0.00575618
-0.00583783
-0.00591807
-0.00600095
-0.00608552
-0.00616844
-0.00624855
-0.00632955
-0.00641326
-0.00649691
-0.00657852
-0.00665918
-0.00673941
-0.00682014
-0.00690198
-0.00698513
-0.0070693
-0.0071542
-0.00724102
-0.00732813
-0.00741413
-0.00749775
-0.00757999
-0.00766151
-0.00774443
-0.00782994
-0.00791848
-0.00800965
-0.00810068
-0.00819001
-0.00827638
-0.00836185
-0.00844767
-0.00853647
-0.00862924
-0.00872407
-0.00881823
-0.00890853
-0.00899738
-0.00908631
-0.0091784
-0.00927332
-0.00936782
-0.00946086
-0.00955045
-0.00964026
-0.0097311
-0.00981872
-0.00990267
-0.00998158
-0.00288009
-0.00221515
-0.00138882
-0.000622416
-2.20326e-05
0.000375781
0.000566349
0.000570384
0.000427781
0.000184997
-0.000114057
-0.000433881
-0.000749116
-0.00104407
-0.00131107
-0.0015485
-0.00175899
-0.00194744
-0.00211928
-0.00228049
-0.00243703
-0.00259346
-0.00275187
-0.00291396
-0.00308088
-0.00325086
-0.00342199
-0.00359191
-0.00375783
-0.0039181
-0.00406952
-0.00420863
-0.00433663
-0.00445361
-0.0045574
-0.00464734
-0.00472702
-0.00480141
-0.00487045
-0.00493059
-0.00498791
-0.0050515
-0.00511823
-0.00518374
-0.00525172
-0.00532535
-0.00540349
-0.00548428
-0.00556539
-0.00564799
-0.00573347
-0.00581748
-0.0058985
-0.00598151
-0.00606734
-0.00615201
-0.00623348
-0.00631493
-0.00639886
-0.00648337
-0.00656572
-0.00664654
-0.00672676
-0.00680769
-0.00689002
-0.00697405
-0.00705922
-0.00714472
-0.00723203
-0.00731969
-0.00740612
-0.00748986
-0.00757209
-0.00765367
-0.00773698
-0.00782327
-0.0079125
-0.0080041
-0.0080952
-0.00818431
-0.00827046
-0.0083561
-0.00844243
-0.00853182
-0.00862486
-0.00871969
-0.00881377
-0.00890411
-0.00899321
-0.00908247
-0.00917484
-0.00926972
-0.00936421
-0.00945756
-0.00954761
-0.0096377
-0.00972863
-0.00981645
-0.00990069
-0.00997993
-0.00305088
-0.00238309
-0.00155212
-0.000779828
-0.000172628
0.000232493
0.00043079
0.000442907
0.000308856
7.52982e-05
-0.00021411
-0.000524138
-0.000829552
-0.00111461
-0.00137151
-0.00159845
-0.00179797
-0.00197522
-0.00213577
-0.00228549
-0.00243001
-0.00257413
-0.00272075
-0.00287112
-0.00302639
-0.00318567
-0.00334713
-0.00350889
-0.00366842
-0.00382376
-0.003973
-0.0041121
-0.004241
-0.00436097
-0.00447045
-0.00456797
-0.0046553
-0.0047363
-0.00481332
-0.00488313
-0.00494698
-0.00501413
-0.0050853
-0.00515524
-0.0052254
-0.00529976
-0.00537827
-0.00545977
-0.0055418
-0.00562401
-0.00570929
-0.00579545
-0.0058783
-0.00596112
-0.0060477
-0.00613455
-0.00621784
-0.00630009
-0.00638402
-0.00646884
-0.00655196
-0.00663336
-0.00671361
-0.00679465
-0.00687763
-0.00696261
-0.00704881
-0.00713508
-0.00722286
-0.00731091
-0.00739762
-0.00748134
-0.00756355
-0.0076454
-0.00772937
-0.00781659
-0.00790644
-0.00799818
-0.00808924
-0.00817823
-0.00826433
-0.00835025
-0.00843709
-0.00852704
-0.00862031
-0.00871505
-0.00880905
-0.00889944
-0.00898886
-0.00907854
-0.00917121
-0.00926599
-0.00936041
-0.00945407
-0.00954464
-0.00963513
-0.00972609
-0.00981397
-0.0098985
-0.00997808
-0.00321516
-0.00254465
-0.00170944
-0.000931748
-0.000318148
9.40419e-05
0.000299749
0.000319424
0.000193058
-3.23023e-05
-0.000312847
-0.000613521
-0.000909309
-0.00118468
-0.00143187
-0.00164902
-0.00183822
-0.00200461
-0.00215408
-0.00229263
-0.00242584
-0.0025584
-0.00269383
-0.0028334
-0.00297803
-0.00312729
-0.00327971
-0.0034336
-0.00358705
-0.0037375
-0.00388337
-0.0040215
-0.00415075
-0.00427258
-0.00438626
-0.00448975
-0.00458389
-0.00467107
-0.00475408
-0.00483208
-0.00490333
-0.00497452
-0.00504954
-0.00512418
-0.00519739
-0.00527289
-0.00535178
-0.00543395
-0.00551733
-0.00559994
-0.00568451
-0.00577171
-0.00585709
-0.00594051
-0.00602728
-0.00611608
-0.00620125
-0.00628435
-0.00636864
-0.00645367
-0.00653743
-0.00661975
-0.00670028
-0.00678123
-0.00686473
-0.00695075
-0.00703806
-0.00712527
-0.00721354
-0.0073016
-0.00738835
-0.00747226
-0.00755475
-0.00763702
-0.00772158
-0.00780961
-0.00790021
-0.00799223
-0.00808309
-0.00817184
-0.00825781
-0.00834407
-0.00843161
-0.00852221
-0.00861575
-0.00871024
-0.00880399
-0.00889445
-0.00898434
-0.0090746
-0.0091676
-0.00926226
-0.00935644
-0.00945034
-0.00954151
-0.00963243
-0.00972347
-0.00981136
-0.00989607
-0.00997603
-0.00337213
-0.0026989
-0.00185969
-0.00107699
-0.00045756
-3.88813e-05
0.000173643
0.000200271
8.09435e-05
-0.000136999
-0.000409386
-0.000701258
-0.000987897
-0.00125412
-0.00149212
-0.00169992
-0.00187938
-0.00203547
-0.00217443
-0.00230233
-0.00242489
-0.00254664
-0.00267143
-0.00280099
-0.00293597
-0.00307591
-0.00321982
-0.00336609
-0.00351332
-0.00365884
-0.00380093
-0.00393749
-0.00406697
-0.00418977
-0.00430609
-0.00441393
-0.0045134
-0.0046062
-0.00469427
-0.00477887
-0.00485753
-0.00493328
-0.00501143
-0.00509038
-0.0051673
-0.00524469
-0.00532439
-0.00540724
-0.00549188
-0.00557543
-0.00565966
-0.00574694
-0.00583466
-0.00591981
-0.0060064
-0.00609616
-0.00618367
-0.00626816
-0.006353
-0.00643828
-0.00652219
-0.00660534
-0.00668652
-0.00676739
-0.00685128
-0.00693868
-0.00702732
-0.00711526
-0.00720389
-0.00729194
-0.00737874
-0.00746282
-0.00754557
-0.00762824
-0.00771352
-0.00780267
-0.00789405
-0.00798621
-0.00807655
-0.00816485
-0.00825091
-0.00833781
-0.00842622
-0.0085174
-0.00861105
-0.00870515
-0.00879868
-0.00888933
-0.00897978
-0.00907066
-0.00916391
-0.00925842
-0.0093523
-0.00944636
-0.00953821
-0.00962967
-0.00972084
-0.00980864
-0.00989346
-0.00997378
-0.00352112
-0.00284524
-0.00200236
-0.00121517
-0.000590538
-0.000166037
5.27564e-05
8.59102e-05
-2.67307e-05
-0.000237778
-0.000502745
-0.000786627
-0.00106486
-0.00132252
-0.00155187
-0.00175084
-0.00192124
-0.00206783
-0.0021969
-0.00231463
-0.00242705
-0.00253886
-0.00265397
-0.00277425
-0.00290025
-0.00303141
-0.00316721
-0.00330627
-0.00344741
-0.00358816
-0.00372661
-0.00386105
-0.00399004
-0.00411295
-0.00423044
-0.00434133
-0.00444495
-0.00454271
-0.00463539
-0.00472498
-0.00480989
-0.00489064
-0.0049719
-0.00505458
-0.00513541
-0.00521545
-0.00529641
-0.00537964
-0.00546528
-0.00555032
-0.00563504
-0.00572205
-0.00581108
-0.00589842
-0.00598553
-0.00607561
-0.00616543
-0.00625169
-0.00633677
-0.00642232
-0.00650632
-0.00658996
-0.00667227
-0.00675382
-0.00683796
-0.00692631
-0.00701624
-0.00710501
-0.00719418
-0.00728228
-0.00736868
-0.00745263
-0.00753586
-0.00761946
-0.00770567
-0.00779576
-0.00788761
-0.00797983
-0.00806978
-0.00815767
-0.00824393
-0.00833147
-0.00842076
-0.00851251
-0.00860624
-0.00870003
-0.00879327
-0.008884
-0.00897502
-0.0090666
-0.00916017
-0.00925461
-0.00934818
-0.0094423
-0.00953483
-0.00962679
-0.00971806
-0.00980591
-0.00989074
-0.00997125
-0.00366174
-0.00298327
-0.00213703
-0.00134578
-0.000716432
-0.000286612
-6.20219e-05
-2.27958e-05
-0.000129209
-0.000333933
-0.000592312
-0.000869115
-0.00113979
-0.00138954
-0.00161087
-0.00180156
-0.00196348
-0.00210116
-0.00222098
-0.00232938
-0.00243266
-0.00253554
-0.00264173
-0.00275309
-0.00287047
-0.00299352
-0.00312199
-0.0032545
-0.0033898
-0.00352574
-0.00366051
-0.00379228
-0.00391984
-0.00404243
-0.00416037
-0.00427338
-0.00438009
-0.00448155
-0.00457816
-0.00467167
-0.00476162
-0.00484749
-0.00493199
-0.00501765
-0.00510208
-0.00518497
-0.0052677
-0.00535165
-0.0054382
-0.00552482
-0.00561051
-0.00569728
-0.00578694
-0.00587649
-0.00596507
-0.00605512
-0.00614629
-0.00623457
-0.00632003
-0.00640588
-0.00649029
-0.00657427
-0.00665769
-0.00674028
-0.00682456
-0.00691358
-0.00700523
-0.00709504
-0.00718424
-0.00727204
-0.00735813
-0.0074421
-0.00752606
-0.00761078
-0.00769778
-0.00778867
-0.00788104
-0.00797327
-0.00806292
-0.00815031
-0.00823674
-0.00832508
-0.00841537
-0.00850775
-0.00860139
-0.00869467
-0.00878764
-0.00887861
-0.00897024
-0.00906261
-0.0091565
-0.00925085
-0.00934418
-0.00943817
-0.00953121
-0.00962375
-0.00971526
-0.0098032
-0.009888
-0.00996858
-0.0037935
-0.00311242
-0.00226298
-0.00146802
-0.000834412
-0.000399817
-0.000170044
-0.000125373
-0.000226194
-0.000425196
-0.000677678
-0.000948175
-0.00121209
-0.00145463
-0.00166849
-0.00185147
-0.00200547
-0.00213507
-0.00224675
-0.00234698
-0.00244194
-0.00253634
-0.00263395
-0.00273693
-0.00284661
-0.00296267
-0.00308456
-0.00321083
-0.0033404
-0.00347149
-0.00360242
-0.00373134
-0.00385712
-0.00397916
-0.00409705
-0.00421095
-0.00431955
-0.00442365
-0.00452361
-0.00462046
-0.00471414
-0.00480444
-0.00489231
-0.00498054
-0.00506808
-0.00515385
-0.00523877
-0.00532387
-0.00541108
-0.00549884
-0.00558587
-0.00567318
-0.00576344
-0.00585446
-0.00594468
-0.0060351
-0.00612687
-0.00621701
-0.00630329
-0.00638921
-0.00647413
-0.00655834
-0.00664238
-0.00672659
-0.00681187
-0.00690139
-0.0069941
-0.0070848
-0.00717387
-0.00726146
-0.00734755
-0.00743158
-0.00751605
-0.00760196
-0.00769003
-0.00778156
-0.00787429
-0.00796632
-0.00805572
-0.00814295
-0.00822966
-0.00831882
-0.00840999
-0.0085028
-0.0085963
-0.00868925
-0.00878215
-0.00887336
-0.00896547
-0.00905853
-0.00915281
-0.00924714
-0.00934032
-0.00943409
-0.00952752
-0.00962068
-0.00971246
-0.00980059
-0.00988557
-0.00996663
-0.00391571
-0.00323209
-0.00237958
-0.00158122
-0.000943858
-0.000505089
-0.000270786
-0.00022131
-0.000317154
-0.000510986
-0.000758125
-0.00102297
-0.00128084
-0.00151693
-0.00172409
-0.00190023
-0.00204728
-0.00216983
-0.00227421
-0.00236684
-0.00245391
-0.00254042
-0.00263044
-0.0027263
-0.0028292
-0.00293869
-0.00305418
-0.0031745
-0.0032988
-0.00342546
-0.00355274
-0.00367884
-0.00380254
-0.00392343
-0.00404074
-0.00415475
-0.00426451
-0.00437047
-0.00447276
-0.00457214
-0.00466868
-0.00476262
-0.00485381
-0.00494439
-0.00503446
-0.00512275
-0.0052099
-0.00529639
-0.0053843
-0.00547314
-0.00556199
-0.00565037
-0.00574105
-0.00583306
-0.0059249
-0.0060163
-0.00610815
-0.00619938
-0.00628678
-0.00637268
-0.00645767
-0.00654251
-0.00662746
-0.00671351
-0.00680014
-0.00688965
-0.00698278
-0.00707452
-0.00716366
-0.00725076
-0.00733671
-0.00742089
-0.00750601
-0.00759326
-0.00768253
-0.00777437
-0.00786716
-0.00795897
-0.00804822
-0.00813557
-0.00822253
-0.00831232
-0.0084042
-0.00849753
-0.00859099
-0.00868352
-0.00877623
-0.00886772
-0.00896026
-0.00905397
-0.00914876
-0.00924313
-0.00933626
-0.00942978
-0.00952322
-0.00961698
-0.00970926
-0.00979772
-0.00988265
-0.00996316
-0.00402768
-0.00334169
-0.00248633
-0.00168484
-0.00104413
-0.000601708
-0.000363476
-0.000309807
-0.000401283
-0.000590534
-0.000832919
-0.00109277
-0.00134543
-0.00157606
-0.00177756
-0.00194786
-0.0020888
-0.00220492
-0.00230249
-0.00238817
-0.00246834
-0.00254819
-0.00263171
-0.00272104
-0.00281729
-0.00292041
-0.00303008
-0.00314539
-0.00326517
-0.0033877
-0.00351115
-0.00363421
-0.00375567
-0.00387513
-0.00399166
-0.00410533
-0.00421553
-0.00432256
-0.00442645
-0.00452781
-0.00462657
-0.00472304
-0.00481698
-0.00490954
-0.0050016
-0.00509208
-0.00518142
-0.00526972
-0.00535882
-0.00544863
-0.00553896
-0.00562884
-0.00572039
-0.00581337
-0.00590648
-0.00599889
-0.00609087
-0.00618245
-0.00627079
-0.00635699
-0.0064423
-0.00652827
-0.00661409
-0.0067014
-0.00678972
-0.00687973
-0.0069729
-0.00706537
-0.00715452
-0.00724101
-0.00732701
-0.00741181
-0.00749779
-0.00758598
-0.00767634
-0.00776831
-0.00786092
-0.00795264
-0.00804185
-0.00812965
-0.0082169
-0.00830711
-0.0083995
-0.00849325
-0.00858667
-0.00867884
-0.00877147
-0.00886315
-0.00895607
-0.00905029
-0.00914568
-0.0092403
-0.00933331
-0.00942641
-0.00951961
-0.0096139
-0.00970683
-0.00979578
-0.00988112
-0.00996206
-0.00412903
-0.00344099
-0.00258316
-0.00177891
-0.00113523
-0.000689607
-0.000447987
-0.000390738
-0.000478482
-0.000663833
-0.000902144
-0.00115778
-0.00140604
-0.00163209
-0.00182873
-0.00199391
-0.0021294
-0.00223987
-0.00233171
-0.00241175
-0.00248628
-0.00256038
-0.00263782
-0.00272098
-0.00281128
-0.0029091
-0.00301402
-0.00312482
-0.00324002
-0.00335818
-0.00347789
-0.00359808
-0.00371736
-0.00383505
-0.00395032
-0.0040631
-0.00417308
-0.00428047
-0.00438521
-0.00448767
-0.00458772
-0.00468564
-0.00478153
-0.00487579
-0.00496929
-0.00506136
-0.00515239
-0.00524237
-0.00533257
-0.00542325
-0.00551497
-0.00560663
-0.00569927
-0.00579293
-0.00588694
-0.00598016
-0.00607234
-0.0061638
-0.00625278
-0.0063399
-0.00642548
-0.00651215
-0.00659904
-0.00668774
-0.00677791
-0.00686871
-0.00696123
-0.00705375
-0.00714334
-0.0072297
-0.00731599
-0.00740132
-0.00748808
-0.00757694
-0.00766825
-0.00776065
-0.00785304
-0.00794474
-0.00803396
-0.00812237
-0.00821002
-0.00830049
-0.00839321
-0.0084874
-0.00858119
-0.00867308
-0.00876551
-0.00885736
-0.00895069
-0.00904538
-0.00914135
-0.00923637
-0.00932938
-0.00942218
-0.00951498
-0.00960966
-0.0097035
-0.00979313
-0.00987858
-0.00995854
-0.00421735
-0.00352822
-0.0026688
-0.00186249
-0.00121646
-0.000768262
-0.000523937
-0.0004639
-0.000548771
-0.000731111
-0.000966212
-0.00121844
-0.00146311
-0.00168546
-0.00187825
-0.00203946
-0.0021708
-0.00227695
-0.00236427
-0.00243964
-0.00250938
-0.00257865
-0.00265125
-0.00272969
-0.00281536
-0.0029087
-0.00300921
-0.00311584
-0.00322716
-0.0033419
-0.00345857
-0.0035761
-0.00369318
-0.00380912
-0.0039231
-0.00403493
-0.00414448
-0.00425186
-0.00435701
-0.00445992
-0.00456069
-0.0046595
-0.00475676
-0.00485218
-0.00494645
-0.00503939
-0.00513166
-0.00522311
-0.00531456
-0.00540611
-0.00549877
-0.00559187
-0.00568559
-0.00577979
-0.00587411
-0.00596787
-0.0060601
-0.00615141
-0.00624042
-0.00632825
-0.00641436
-0.00650153
-0.00658957
-0.0066793
-0.00677053
-0.00686193
-0.00695399
-0.00704606
-0.00713622
-0.00722254
-0.0073088
-0.00739452
-0.00748189
-0.00757139
-0.00766316
-0.00775599
-0.00784807
-0.00793948
-0.00802857
-0.00811752
-0.00820571
-0.00829619
-0.0083892
-0.0084837
-0.00857774
-0.00866948
-0.00876147
-0.00885334
-0.00894701
-0.00904205
-0.00913845
-0.00923394
-0.00932707
-0.00941952
-0.00951174
-0.00960645
-0.00970111
-0.00979153
-0.00987757
-0.00995765
-0.00428572
-0.00359492
-0.00273364
-0.00192531
-0.0012771
-0.000826619
-0.000579984
-0.000517667
-0.000600216
-0.000780129
-0.00101257
-0.00126195
-0.0015036
-0.0017229
-0.00191258
-0.00207061
-0.00219853
-0.00230102
-0.00238442
-0.00245586
-0.00252171
-0.00258725
-0.00265604
-0.0027306
-0.00281226
-0.00290175
-0.00299872
-0.00310223
-0.00321064
-0.00332254
-0.00343659
-0.00355183
-0.00366725
-0.00378176
-0.0038947
-0.00400558
-0.00411468
-0.0042218
-0.00432709
-0.0044301
-0.00453122
-0.00463052
-0.00472853
-0.00482483
-0.00491977
-0.00501362
-0.00510695
-0.00519991
-0.00529266
-0.0053854
-0.00547898
-0.00557358
-0.0056685
-0.00576355
-0.00585833
-0.00595268
-0.00604527
-0.00613648
-0.00622576
-0.00631413
-0.00640134
-0.00648884
-0.00657773
-0.00666837
-0.00676056
-0.00685291
-0.00694519
-0.00703683
-0.00712718
-0.00721402
-0.00730032
-0.00738666
-0.00747448
-0.00756462
-0.00765676
-0.0077499
-0.00784217
-0.00793339
-0.00802249
-0.00811174
-0.00820061
-0.00829126
-0.00838445
-0.00847932
-0.00857358
-0.00866556
-0.00875722
-0.00884895
-0.00894298
-0.0090383
-0.00913512
-0.00923101
-0.00932433
-0.00941672
-0.00950855
-0.00960306
-0.00969822
-0.00978927
-0.0098759
-0.00995613
-0.0043621
-0.00367116
-0.00280942
-0.00200032
-0.00135099
-0.000899148
-0.000650974
-0.000587094
-0.000668033
-0.000846287
-0.00107689
-0.00132425
-0.00156367
-0.00178064
-0.00196789
-0.00212342
-0.00224866
-0.00234827
-0.00242861
-0.0024969
-0.00255957
-0.00262191
-0.00268745
-0.00275866
-0.00283695
-0.00292313
-0.00301698
-0.00311747
-0.00322304
-0.00333213
-0.00344368
-0.0035566
-0.00367008
-0.00378277
-0.0038941
-0.00400337
-0.004111
-0.00421674
-0.0043207
-0.00442248
-0.00452241
-0.00462083
-0.00471802
-0.00481393
-0.00490843
-0.00500208
-0.00509526
-0.00518845
-0.00528152
-0.00537469
-0.0054686
-0.00556364
-0.00565911
-0.00575453
-0.00584962
-0.00594403
-0.00603684
-0.00612801
-0.00621749
-0.00630588
-0.00639337
-0.00648106
-0.00657019
-0.00666135
-0.00675387
-0.00684656
-0.00693885
-0.00703027
-0.00712049
-0.00720775
-0.00729399
-0.00738044
-0.00746843
-0.00755877
-0.00765124
-0.0077445
-0.00783698
-0.00792802
-0.00801701
-0.00810636
-0.00819564
-0.0082865
-0.00837976
-0.00847497
-0.00856935
-0.00866153
-0.00875312
-0.00884464
-0.00893888
-0.00903438
-0.00913138
-0.00922758
-0.00932119
-0.00941371
-0.00950532
-0.00959958
-0.00969491
-0.00978633
-0.00987301
-0.00995269
)
;

boundaryField
{
    zeroGradientPlanes
    {
        type            zeroGradient;
    }
    inlet
    {
        type            zeroGradient;
    }
    plate
    {
        type            zeroGradient;
    }
    frontAndBack
    {
        type            empty;
    }
}


// ************************************************************************* //
