/*--------------------------------*- C++ -*----------------------------------*\
| =========                 |                                                 |
| \\      /  F ield         | OpenFOAM: The Open Source CFD Toolbox           |
|  \\    /   O peration     | Version:  v2106                                 |
|   \\  /    A nd           | Website:  www.openfoam.com                      |
|    \\/     M anipulation  |                                                 |
\*---------------------------------------------------------------------------*/
FoamFile
{
    version     2.0;
    format      ascii;
    arch        "LSB;label=32;scalar=64";
    class       volScalarField;
    location    "1.3";
    object      p;
}
// * * * * * * * * * * * * * * * * * * * * * * * * * * * * * * * * * * * * * //

dimensions      [0 2 -2 0 0 0 0];

internalField   nonuniform List<scalar> 
4800
(
3.16327e-09
-1.91733e-05
-0.000184788
-0.000289829
-0.000356299
-0.000439442
-0.00048515
-0.000555229
-0.000585885
-0.000602826
-0.000579184
-0.000532604
-0.000443677
-0.000270965
-6.9424e-05
0.000201282
0.000566982
0.00107942
0.00173097
0.00243353
5.12183e-06
-2.62875e-05
-0.000178518
-0.000292356
-0.000353604
-0.000442308
-0.000481567
-0.000556833
-0.000581635
-0.000603402
-0.000574205
-0.000532972
-0.000432505
-0.000274473
-6.35996e-05
0.000194435
0.000570996
0.00102931
0.00152273
0.00204091
6.84394e-06
-2.49298e-05
-0.000177797
-0.000293464
-0.000352371
-0.000443686
-0.000479857
-0.000556607
-0.000580026
-0.000602157
-0.000572548
-0.000530242
-0.000430674
-0.000275584
-6.66321e-05
0.000178122
0.000516147
0.000913845
0.001326
0.00175358
1.20762e-05
-3.20656e-05
-0.00017412
-0.0002943
-0.000352128
-0.000443781
-0.000479887
-0.000554261
-0.000581756
-0.000597079
-0.000572803
-0.000525151
-0.000424316
-0.000273958
-7.83532e-05
0.000153079
0.000449152
0.000789207
0.00111803
0.00149589
1.50957e-05
-3.43325e-05
-0.000172827
-0.000294173
-0.000352895
-0.000442685
-0.000481259
-0.000550388
-0.000584067
-0.000592587
-0.000566788
-0.000519252
-0.000421385
-0.000276597
-9.85848e-05
0.000111299
0.00035796
0.000606509
0.000901675
0.00126346
1.97932e-05
-3.63713e-05
-0.000171598
-0.000292931
-0.000354987
-0.000440513
-0.000483495
-0.000547522
-0.000579477
-0.000588034
-0.000562894
-0.000514965
-0.000421422
-0.000284404
-0.000126419
4.65281e-05
0.000201733
0.00042011
0.000709968
0.00105898
2.31018e-05
-3.61809e-05
-0.000172227
-0.000290782
-0.000358674
-0.000437825
-0.000480932
-0.000545557
-0.000576743
-0.000582154
-0.000559536
-0.000511825
-0.000425081
-0.000301305
-0.000183902
-9.28566e-05
5.31056e-05
0.000269369
0.000541682
0.000863818
2.65133e-05
-3.36582e-05
-0.000173539
-0.000289436
-0.000359875
-0.00043943
-0.000477805
-0.000539862
-0.000572756
-0.000577275
-0.000556909
-0.000511427
-0.000437053
-0.00035058
-0.000300953
-0.000211567
-6.04413e-05
0.000138716
0.000374558
0.000663032
2.89842e-05
-2.8434e-05
-0.000173548
-0.000291192
-0.000358277
-0.000438009
-0.000475368
-0.000533665
-0.000567113
-0.000573694
-0.000558942
-0.000523312
-0.00047812
-0.000448565
-0.00039489
-0.000299086
-0.000163952
1.7167e-06
0.000199894
0.000456468
3.12937e-05
-2.36804e-05
-0.000169776
-0.000293395
-0.000358967
-0.000431561
-0.000471977
-0.000529115
-0.000562953
-0.000572464
-0.000567403
-0.000559916
-0.000567661
-0.000529023
-0.000458383
-0.000375946
-0.000274991
-0.000146062
1.70147e-05
0.000245569
3.2761e-05
-1.82013e-05
-0.000162228
-0.000292244
-0.00036183
-0.000427799
-0.000465039
-0.000524556
-0.000562246
-0.000577014
-0.000605406
-0.000640668
-0.000634997
-0.000581642
-0.000519239
-0.000462425
-0.000396675
-0.000304545
-0.000172975
3.17501e-05
3.3954e-05
-1.26665e-05
-0.000152414
-0.000285987
-0.00036319
-0.000428273
-0.000459863
-0.00052011
-0.000571972
-0.000611456
-0.000670345
-0.000693929
-0.000673177
-0.000632947
-0.000592246
-0.000562005
-0.000529287
-0.000471037
-0.000367649
-0.000182716
3.48568e-05
-6.36929e-06
-0.000141248
-0.000273993
-0.000356851
-0.000434397
-0.000464249
-0.000521025
-0.000600258
-0.000674024
-0.000720677
-0.000729439
-0.000714462
-0.000693867
-0.000678693
-0.000673538
-0.000669334
-0.000641767
-0.00056469
-0.000396084
3.56022e-05
1.12479e-06
-0.000128651
-0.00026118
-0.000340905
-0.000437937
-0.000487042
-0.00054873
-0.000645137
-0.000712524
-0.000750653
-0.000767677
-0.000766789
-0.000765723
-0.000774703
-0.000793833
-0.000815427
-0.000815719
-0.000762153
-0.00060825
3.76166e-05
8.94311e-06
-0.000112227
-0.000250112
-0.000326094
-0.000434319
-0.000524904
-0.000608809
-0.000689569
-0.000741536
-0.000779766
-0.000810393
-0.000827058
-0.000844914
-0.000876925
-0.000920795
-0.000967069
-0.000992105
-0.000959676
-0.000819394
4.12562e-05
1.70652e-05
-9.15814e-05
-0.00023876
-0.000326288
-0.000440351
-0.000556928
-0.000651386
-0.00073412
-0.000782994
-0.00081941
-0.000858824
-0.0008931
-0.000930576
-0.000984883
-0.00105342
-0.00112389
-0.0011711
-0.0011575
-0.00102954
4.93156e-05
2.46916e-05
-7.26004e-05
-0.000226463
-0.000337118
-0.000458466
-0.000583551
-0.000689913
-0.000778386
-0.000833048
-0.000869879
-0.000914587
-0.000965258
-0.00102295
-0.00109904
-0.00119125
-0.0012852
-0.00135317
-0.00135634
-0.00123912
6.09866e-05
3.50785e-05
-5.93583e-05
-0.000216698
-0.000350632
-0.000487977
-0.00061954
-0.000725995
-0.00081754
-0.000882756
-0.00092662
-0.000978177
-0.00104401
-0.00112201
-0.00121965
-0.00133431
-0.00145029
-0.00153773
-0.0015559
-0.00144774
7.58501e-05
4.8521e-05
-4.87138e-05
-0.000216329
-0.000368398
-0.000518213
-0.000656961
-0.000765945
-0.000858625
-0.000932948
-0.00098862
-0.00104991
-0.00113043
-0.00122842
-0.00134707
-0.00148268
-0.00161848
-0.00172356
-0.00175511
-0.00165462
9.33793e-05
6.36942e-05
-3.9821e-05
-0.000225144
-0.000395089
-0.000547713
-0.000692475
-0.000808537
-0.000904045
-0.000987104
-0.00105599
-0.00112917
-0.00122466
-0.00134212
-0.0014809
-0.00163564
-0.00178902
-0.00190968
-0.00195335
-0.00185968
0.000114148
7.85315e-05
-3.50302e-05
-0.000236964
-0.000429525
-0.000584001
-0.000726941
-0.000850917
-0.000953284
-0.00104593
-0.00112877
-0.00121528
-0.00132589
-0.00146207
-0.00162008
-0.00179244
-0.00196146
-0.00209599
-0.00215073
-0.00206342
0.000136536
9.22724e-05
-3.50101e-05
-0.000249888
-0.000464565
-0.000627912
-0.000767164
-0.000894432
-0.00100587
-0.00110974
-0.00120726
-0.00130831
-0.00143372
-0.00158744
-0.00176359
-0.00195237
-0.00213541
-0.00228218
-0.00234674
-0.00226523
0.000158819
0.000104521
-3.94646e-05
-0.00026448
-0.000497919
-0.000675963
-0.000815168
-0.000942757
-0.00106188
-0.00117822
-0.00129144
-0.00140825
-0.00154803
-0.00171769
-0.00191069
-0.00211468
-0.00231058
-0.00246795
-0.00254078
-0.00246411
0.000179636
0.00011517
-4.65411e-05
-0.000281428
-0.000530139
-0.000725784
-0.000870965
-0.000998662
-0.00112247
-0.00125085
-0.00138071
-0.00151445
-0.00166867
-0.00185241
-0.00206082
-0.00227864
-0.00248631
-0.00265288
-0.00273237
-0.00265938
0.000197658
0.000123705
-5.50021e-05
-0.000301152
-0.000562761
-0.000776286
-0.000932304
-0.00106271
-0.0011899
-0.00132805
-0.00147451
-0.0016258
-0.00179504
-0.00199162
-0.00221299
-0.00244316
-0.00266109
-0.00283591
-0.00292093
-0.00285078
0.000212242
0.000129955
-6.50389e-05
-0.00032362
-0.000596668
-0.000827538
-0.000997666
-0.00113415
-0.00126525
-0.00141074
-0.00157186
-0.0017413
-0.00192611
-0.00213514
-0.00236695
-0.00260734
-0.0028338
-0.00301556
-0.00310568
-0.00303805
0.000222919
0.000133136
-7.66694e-05
-0.000348936
-0.000632394
-0.000878876
-0.00106604
-0.0012123
-0.00134844
-0.00149993
-0.00167275
-0.00185947
-0.00206025
-0.00228154
-0.0025223
-0.0027706
-0.00300421
-0.00319149
-0.00328611
-0.0032209
0.000229472
0.000133
-9.01818e-05
-0.000376983
-0.000671557
-0.000931038
-0.00113515
-0.00129558
-0.00143886
-0.00159593
-0.00177803
-0.00197922
-0.00219562
-0.00242884
-0.00267817
-0.00293285
-0.00317225
-0.00336396
-0.00346182
-0.00339866
0.000231452
0.000128918
-0.000105959
-0.000406825
-0.000713604
-0.000985743
-0.00120494
-0.00138112
-0.00153519
-0.001698
-0.00188791
-0.002101
-0.00233113
-0.00257583
-0.00283321
-0.00309343
-0.00333709
-0.00353221
-0.00363198
-0.00357006
0.000228837
0.000120753
-0.000124355
-0.000438779
-0.000758295
-0.00104284
-0.00127615
-0.00146774
-0.00163504
-0.00180528
-0.00200138
-0.00222413
-0.00246604
-0.00272163
-0.00298658
-0.0032517
-0.00349817
-0.00369529
-0.00379611
-0.00373451
0.000221406
0.000108094
-0.000145782
-0.000472745
-0.000805556
-0.00110181
-0.00134795
-0.0015551
-0.00173629
-0.00191629
-0.00211865
-0.00234831
-0.00259927
-0.00286378
-0.00313634
-0.00340638
-0.00365528
-0.00385309
-0.00395402
-0.00389198
0.000209357
9.10346e-05
-0.000170648
-0.000507908
-0.000854518
-0.00116388
-0.00142028
-0.00164149
-0.00183737
-0.00202718
-0.00223779
-0.00247403
-0.00273151
-0.00300219
-0.00328062
-0.0035557
-0.00380693
-0.00400502
-0.00410512
-0.00404206
0.000192671
6.99547e-05
-0.00019894
-0.000545236
-0.000903148
-0.00122575
-0.001494
-0.00172762
-0.00193723
-0.00213697
-0.00235574
-0.00259889
-0.00286126
-0.00313661
-0.00341926
-0.00369839
-0.00395205
-0.0041503
-0.00424918
-0.00418436
0.000171163
4.51298e-05
-0.000229652
-0.00058399
-0.000951788
-0.00128641
-0.00156665
-0.00181234
-0.00203489
-0.00224515
-0.00247108
-0.00272026
-0.00298723
-0.00326646
-0.00355179
-0.00383307
-0.00408863
-0.00428738
-0.0043855
-0.00431882
0.000145695
1.64726e-05
-0.000262461
-0.000622335
-0.000999185
-0.00134587
-0.00163697
-0.00189328
-0.00212845
-0.00235012
-0.00258296
-0.00283617
-0.00310751
-0.00339023
-0.00367769
-0.00396009
-0.00421625
-0.00441515
-0.00451249
-0.00444425
0.000116682
-1.41467e-05
-0.000296476
-0.000660862
-0.00104271
-0.00140017
-0.00170496
-0.00197021
-0.0022158
-0.00244914
-0.00268916
-0.00294665
-0.00322061
-0.00350588
-0.00379521
-0.00407837
-0.00433442
-0.00453305
-0.00462964
-0.00455989
8.46791e-05
-4.70594e-05
-0.00032935
-0.000696567
-0.0010837
-0.00144804
-0.00176516
-0.00204154
-0.00229632
-0.00253998
-0.00278633
-0.00304842
-0.00332536
-0.00361263
-0.00390343
-0.00418616
-0.00444176
-0.00464003
-0.00473607
-0.004665
5.22897e-05
-8.04747e-05
-0.000361467
-0.000728208
-0.00111862
-0.00148969
-0.00181623
-0.00210318
-0.00236797
-0.00262066
-0.00287267
-0.0031379
-0.00341813
-0.00370715
-0.00399805
-0.00428014
-0.00453525
-0.00473323
-0.00482873
-0.00475675
2.2515e-05
-0.000108935
-0.000388519
-0.000755345
-0.00114573
-0.00152183
-0.00185827
-0.00215173
-0.00242463
-0.00268664
-0.00294363
-0.00321071
-0.00349272
-0.00378416
-0.00407569
-0.00435682
-0.00461029
-0.00480737
-0.00490246
-0.00482968
-5.75434e-06
-0.000138612
-0.000415155
-0.000781513
-0.00117271
-0.00155115
-0.00189733
-0.00219879
-0.00247725
-0.00274854
-0.00301215
-0.00328193
-0.00356549
-0.00385962
-0.00415367
-0.0044352
-0.00468805
-0.00488451
-0.00497997
-0.00490776
0.00318125
0.00335296
0.00323376
0.00311816
0.00301911
0.00287817
0.00266476
0.00238582
0.00206233
0.0017148
0.00135812
0.00099791
0.000636885
0.000277574
-7.98567e-05
-0.000441804
-0.000821154
-0.00123335
-0.0016912
-0.00220062
-0.00277013
-0.00340974
-0.00411933
-0.00488386
-0.00566579
-0.00639869
-0.00699611
-0.0073776
-0.00750647
-0.00740177
-0.0071363
-0.00679937
-0.00646005
-0.00616022
-0.00591788
-0.00573865
-0.00561801
-0.00554739
-0.00551869
-0.00552693
-0.00556381
-0.00561475
-0.00567479
-0.00574174
-0.00581517
-0.00589093
-0.00596662
-0.00604365
-0.00612079
-0.00620018
-0.00628079
-0.00636058
-0.00643981
-0.00652021
-0.0065987
-0.00667677
-0.0067548
-0.00683047
-0.00690998
-0.00698877
-0.00706827
-0.00715033
-0.00723174
-0.00731362
-0.00739419
-0.00747437
-0.00755466
-0.00763699
-0.0077228
-0.00780646
-0.00789304
-0.00797977
-0.0080648
-0.00815149
-0.00823916
-0.0083274
-0.00841614
-0.00850928
-0.00859935
-0.00868866
-0.00878212
-0.00886962
-0.00896251
-0.00905402
-0.00913862
-0.00923316
-0.00932326
-0.00940173
-0.00949438
-0.00958081
-0.00965513
-0.00974471
-0.00982676
-0.00989354
-0.00997259
-0.0100542
-0.0101141
-0.0101784
-0.0102412
-0.010288
0.00258136
0.00298053
0.00312772
0.0031021
0.00300122
0.00284515
0.00262785
0.00235284
0.00203402
0.00168915
0.0013336
0.000973942
0.00061329
0.000254483
-0.000102081
-0.000462854
-0.000840756
-0.00125114
-0.00170676
-0.0022133
-0.00277868
-0.0034124
-0.0041142
-0.00486759
-0.00563671
-0.00635831
-0.0069508
-0.00733694
-0.00747496
-0.007379
-0.00711987
-0.00678692
-0.00644958
-0.00615162
-0.00591079
-0.00573263
-0.00561267
-0.00554254
-0.00551416
-0.00552268
-0.00555984
-0.00561096
-0.00567122
-0.00573837
-0.00581199
-0.00588794
-0.00596382
-0.00604106
-0.00611837
-0.00619792
-0.00627869
-0.00635863
-0.00643797
-0.0065185
-0.0065971
-0.00667528
-0.00675342
-0.00682915
-0.00690877
-0.00698763
-0.00706718
-0.00714931
-0.00723076
-0.0073127
-0.00739331
-0.00747354
-0.00755386
-0.00763622
-0.00772207
-0.00780574
-0.00789235
-0.00797913
-0.00806417
-0.0081509
-0.00823859
-0.00832685
-0.0084156
-0.00850878
-0.00859887
-0.00868819
-0.0087817
-0.00886919
-0.00896211
-0.00905367
-0.00913824
-0.00923283
-0.00932297
-0.00940142
-0.00949411
-0.00958058
-0.00965487
-0.0097445
-0.00982658
-0.00989335
-0.00997241
-0.0100541
-0.010114
-0.0101782
-0.0102411
-0.0102879
0.00225521
0.00276035
0.00307161
0.00313623
0.00303719
0.00285276
0.00261382
0.00233064
0.00201062
0.00166541
0.00130862
0.000947395
0.000585196
0.000225234
-0.000131521
-0.000491609
-0.000868223
-0.00127687
-0.00172995
-0.0022329
-0.00279229
-0.00341599
-0.00410319
-0.00483472
-0.00557546
-0.00626866
-0.00684195
-0.00722431
-0.00737673
-0.00730744
-0.00707438
-0.00675988
-0.00643376
-0.00614229
-0.00590676
-0.00573258
-0.00561478
-0.0055454
-0.00551702
-0.00552506
-0.00556155
-0.00561203
-0.00567173
-0.00573839
-0.00581158
-0.00588719
-0.00596282
-0.0060399
-0.0061171
-0.00619658
-0.00627728
-0.00635717
-0.00643646
-0.00651695
-0.0065955
-0.00667366
-0.00675184
-0.00682763
-0.00690734
-0.00698629
-0.00706592
-0.00714808
-0.00722956
-0.00731152
-0.00739218
-0.00747249
-0.0075529
-0.00763533
-0.00772125
-0.00780495
-0.00789158
-0.00797838
-0.00806346
-0.00815024
-0.00823798
-0.00832627
-0.00841504
-0.00850825
-0.00859836
-0.00868769
-0.00878124
-0.00886874
-0.0089617
-0.00905328
-0.00913785
-0.00923249
-0.00932264
-0.00940109
-0.00949383
-0.00958032
-0.00965459
-0.00974427
-0.00982637
-0.00989314
-0.00997224
-0.0100539
-0.0101138
-0.0101781
-0.0102412
-0.0102879
0.00198112
0.00253024
0.00293911
0.0030922
0.00302925
0.00284059
0.00258515
0.00229139
0.00196902
0.00162493
0.00126916
0.000908175
0.00054555
0.000185242
-0.000171101
-0.000530169
-0.000905278
-0.00131151
-0.00176094
-0.00225855
-0.00280937
-0.00341895
-0.00408574
-0.00479083
-0.00549912
-0.00616032
-0.00671136
-0.00708922
-0.00725765
-0.00721866
-0.0070168
-0.00672564
-0.00641408
-0.00613123
-0.00590115
-0.00573048
-0.00561446
-0.00554582
-0.00551756
-0.00552506
-0.00556076
-0.00561051
-0.00566968
-0.005736
-0.00580883
-0.00588412
-0.00595962
-0.00603669
-0.00611398
-0.00619351
-0.00627426
-0.00635422
-0.00643357
-0.00651407
-0.00659263
-0.00667086
-0.00674915
-0.0068251
-0.00690502
-0.00698416
-0.00706398
-0.00714623
-0.00722773
-0.00730974
-0.00739046
-0.00747089
-0.00755144
-0.00763401
-0.00772003
-0.00780377
-0.00789041
-0.00797722
-0.00806233
-0.00814919
-0.00823699
-0.00832534
-0.00841412
-0.00850735
-0.00859747
-0.00868681
-0.00878039
-0.0088679
-0.00896087
-0.00905249
-0.00913707
-0.00923173
-0.00932191
-0.00940038
-0.00949317
-0.00957971
-0.00965397
-0.00974368
-0.00982583
-0.00989268
-0.00997179
-0.0100535
-0.0101135
-0.0101778
-0.0102412
-0.010288
0.00173754
0.00230161
0.00277318
0.00300781
0.00300285
0.00283046
0.00256793
0.00226243
0.00193283
0.00158631
0.00123005
0.000868747
0.000505433
0.000144819
-0.000210964
-0.000568887
-0.000942229
-0.00134549
-0.00179044
-0.00228152
-0.00282221
-0.00341554
-0.00405901
-0.00473517
-0.00541123
-0.00604161
-0.00657132
-0.00694478
-0.00712804
-0.00711846
-0.00694962
-0.00668514
-0.00639107
-0.00611845
-0.00589396
-0.00572644
-0.00561226
-0.00554476
-0.00551709
-0.00552439
-0.00555946
-0.00560862
-0.00566737
-0.0057334
-0.00580584
-0.00588076
-0.00595608
-0.00603312
-0.00611049
-0.00619002
-0.00627076
-0.00635079
-0.00643016
-0.0065106
-0.00658913
-0.00666736
-0.00674571
-0.00682183
-0.00690197
-0.00698137
-0.00706142
-0.00714374
-0.00722524
-0.00730728
-0.00738803
-0.00746864
-0.0075494
-0.00763215
-0.00771833
-0.00780211
-0.00788872
-0.00797554
-0.0080607
-0.00814763
-0.00823554
-0.00832397
-0.00841276
-0.00850599
-0.00859611
-0.00868546
-0.00877907
-0.0088666
-0.00895957
-0.00905126
-0.00913583
-0.00923047
-0.0093207
-0.00939923
-0.00949202
-0.00957866
-0.00965295
-0.00974261
-0.00982484
-0.0098919
-0.00997099
-0.0100527
-0.0101129
-0.0101773
-0.0102411
-0.010288
0.0015161
0.00208038
0.00259616
0.00289973
0.00295876
0.00281945
0.00256078
0.00224409
0.0019024
0.00154891
0.00118981
0.000827183
0.000462715
0.000101655
-0.000253241
-0.000609404
-0.000980309
-0.00137991
-0.00181944
-0.00230285
-0.00283215
-0.003408
-0.00402719
-0.00467438
-0.00531937
-0.00592046
-0.00642953
-0.00679795
-0.00699421
-0.00701217
-0.00687624
-0.0066402
-0.00636589
-0.00610497
-0.00588652
-0.00572206
-0.0056096
-0.00554325
-0.00551628
-0.00552352
-0.00555809
-0.00560674
-0.00566506
-0.00573074
-0.00580269
-0.00587719
-0.00595229
-0.00602926
-0.00610668
-0.00618618
-0.0062669
-0.00634699
-0.00642634
-0.00650668
-0.00658511
-0.00666331
-0.00674173
-0.00681802
-0.00689841
-0.00697813
-0.00705844
-0.00714081
-0.00722228
-0.00730434
-0.00738512
-0.00746594
-0.00754695
-0.00762988
-0.00771627
-0.00780009
-0.00788661
-0.00797344
-0.00805866
-0.00814569
-0.00823371
-0.00832222
-0.00841102
-0.00850422
-0.00859434
-0.00868371
-0.00877731
-0.00886489
-0.00895781
-0.00904958
-0.00913416
-0.00922872
-0.009319
-0.00939765
-0.00949036
-0.00957716
-0.00965151
-0.009741
-0.00982336
-0.00989077
-0.00996978
-0.0100514
-0.0101119
-0.0101765
-0.0102408
-0.0102878
0.00130036
0.00186343
0.00241194
0.00277304
0.00289455
0.00279786
0.00255338
0.00223034
0.0018755
0.00151175
0.00114735
0.000782218
0.000416052
5.42453e-05
-0.000299489
-0.000653054
-0.00102067
-0.00141582
-0.00184891
-0.00232344
-0.00284021
-0.00339772
-0.00399229
-0.00461059
-0.0052252
-0.00579821
-0.00628731
-0.00664982
-0.00685677
-0.00689993
-0.00679623
-0.0065901
-0.0063378
-0.00609026
-0.00587867
-0.00571735
-0.00560644
-0.00554111
-0.00551483
-0.00552208
-0.00555625
-0.00560446
-0.00566234
-0.00572766
-0.00579915
-0.00587321
-0.00594812
-0.00602499
-0.00610243
-0.00618193
-0.00626262
-0.00634276
-0.00642209
-0.00650231
-0.00658063
-0.00665881
-0.00673732
-0.00681382
-0.00689448
-0.00697456
-0.00705516
-0.00713757
-0.00721899
-0.0073011
-0.0073819
-0.00746297
-0.00754423
-0.00762736
-0.00771398
-0.00779785
-0.00788422
-0.00797106
-0.00805636
-0.00814349
-0.00823162
-0.00832024
-0.00840904
-0.00850218
-0.00859232
-0.00868168
-0.00877526
-0.00886291
-0.00895574
-0.00904759
-0.00913221
-0.00922664
-0.00931695
-0.00939576
-0.00948834
-0.00957532
-0.00964978
-0.00973899
-0.00982149
-0.00988938
-0.00996828
-0.0100497
-0.0101107
-0.0101755
-0.0102402
-0.0102874
0.00108135
0.00164615
0.00222258
0.00263263
0.00281125
0.00276181
0.00253974
0.0022173
0.00185129
0.00147528
0.00110298
0.000734036
0.00036571
2.81739e-06
-0.000349795
-0.000700032
-0.00106318
-0.0014527
-0.00187812
-0.00234254
-0.0028457
-0.00338433
-0.00395422
-0.00454382
-0.00512887
-0.00567499
-0.00614462
-0.0065003
-0.0067158
-0.00678181
-0.00670921
-0.00653383
-0.00630545
-0.00607315
-0.00586972
-0.00571209
-0.0056026
-0.00553807
-0.00551246
-0.00551975
-0.00555357
-0.00560145
-0.00565896
-0.005724
-0.0057951
-0.00586876
-0.00594347
-0.00602023
-0.00609773
-0.00617725
-0.00625793
-0.00633812
-0.00641743
-0.00649755
-0.00657576
-0.0066539
-0.00673253
-0.00680928
-0.00689023
-0.00697069
-0.00705164
-0.00713409
-0.00721541
-0.00729757
-0.00737841
-0.00745973
-0.00754131
-0.00762464
-0.00771146
-0.00779542
-0.00788164
-0.00796846
-0.00805383
-0.00814112
-0.00822936
-0.00831806
-0.00840686
-0.00849995
-0.0085901
-0.00867947
-0.00877299
-0.00886072
-0.00895345
-0.00904539
-0.00913004
-0.00922432
-0.00931467
-0.00939367
-0.00948608
-0.00957326
-0.00964785
-0.00973674
-0.00981937
-0.00988782
-0.00996658
-0.0100477
-0.0101094
-0.0101743
-0.0102395
-0.0102869
0.000858721
0.00142767
0.00203007
0.00248297
0.00271209
0.0027095
0.00251642
0.00220162
0.00182856
0.00144022
0.00105785
0.000683675
0.000312882
-5.1501e-05
-0.000403551
-0.000750124
-0.00110756
-0.00149007
-0.00190673
-0.00236003
-0.00284864
-0.00336793
-0.00391315
-0.00447433
-0.00503062
-0.0055509
-0.00600142
-0.00634944
-0.00657153
-0.00665795
-0.00661473
-0.0064704
-0.00626774
-0.00605277
-0.00585913
-0.00570605
-0.0055982
-0.00553425
-0.00550914
-0.00551647
-0.00554994
-0.00559761
-0.00565492
-0.00571979
-0.00579055
-0.00586384
-0.00593836
-0.00601506
-0.00609267
-0.00617222
-0.0062529
-0.00633315
-0.00641242
-0.00649244
-0.00657054
-0.00664864
-0.00672739
-0.00680442
-0.00688573
-0.00696656
-0.00704784
-0.00713039
-0.00721158
-0.00729375
-0.00737466
-0.00745626
-0.0075382
-0.00762174
-0.00770875
-0.00779279
-0.00787887
-0.00796567
-0.00805109
-0.00813854
-0.00822694
-0.0083157
-0.0084045
-0.00849754
-0.0085877
-0.00867708
-0.00877054
-0.00885835
-0.00895099
-0.009043
-0.0091277
-0.00922182
-0.00931219
-0.00939142
-0.00948364
-0.00957099
-0.00964577
-0.00973428
-0.00981705
-0.00988612
-0.00996476
-0.0100456
-0.0101079
-0.0101731
-0.0102386
-0.0102864
0.000634738
0.00120952
0.00183622
0.00232733
0.00260082
0.00264208
0.00248139
0.0021806
0.00180577
0.00140681
0.00101302
0.000632135
0.00025869
-0.000107491
-0.00045996
-0.000803261
-0.00115417
-0.00152825
-0.00193488
-0.00237592
-0.00284894
-0.00334841
-0.003869
-0.00440226
-0.00493067
-0.00542602
-0.00585769
-0.00619726
-0.00642423
-0.00652867
-0.00651299
-0.0063995
-0.00622401
-0.00602861
-0.0058467
-0.00569924
-0.00559346
-0.00552993
-0.00550498
-0.00551225
-0.00554534
-0.00559289
-0.00565015
-0.00571493
-0.00578543
-0.00585839
-0.00593281
-0.00600951
-0.00608726
-0.00616684
-0.0062475
-0.00632784
-0.00640706
-0.00648698
-0.00656497
-0.006643
-0.00672189
-0.00679921
-0.0068809
-0.00696216
-0.00704374
-0.0071264
-0.00720751
-0.00728967
-0.00737061
-0.00745253
-0.00753486
-0.00761862
-0.00770584
-0.00778993
-0.00787588
-0.0079627
-0.00804816
-0.00813575
-0.00822433
-0.00831319
-0.00840197
-0.00849493
-0.00858513
-0.00867453
-0.0087679
-0.00885581
-0.00894834
-0.00904043
-0.0091252
-0.00921913
-0.00930952
-0.009389
-0.00948104
-0.00956853
-0.00964356
-0.00973165
-0.00981454
-0.00988431
-0.00996282
-0.0100432
-0.0101063
-0.0101718
-0.0102376
-0.0102858
0.00041141
0.000993133
0.00164223
0.00216697
0.00247987
0.00256127
0.00243372
0.00215178
0.00178039
0.00137388
0.000968897
0.000580022
0.000203297
-0.000164814
-0.000518513
-0.000859382
-0.00120338
-0.00156743
-0.00196225
-0.00238976
-0.00284636
-0.00332564
-0.00382182
-0.00432783
-0.00482919
-0.00530039
-0.00571363
-0.00604431
-0.00627468
-0.006395
-0.00640488
-0.00632139
-0.00617391
-0.00599998
-0.00583179
-0.00569128
-0.00558818
-0.00552518
-0.00550008
-0.0055071
-0.00553978
-0.00558717
-0.00564446
-0.00570927
-0.00577963
-0.00585238
-0.00592679
-0.00600353
-0.00608144
-0.00616108
-0.00624173
-0.00632217
-0.00640135
-0.0064811
-0.006559
-0.00663696
-0.00671598
-0.00679364
-0.00687571
-0.00695745
-0.00703936
-0.00712209
-0.00720315
-0.00728531
-0.00736625
-0.00744849
-0.00753125
-0.00761526
-0.00770273
-0.00778687
-0.00787261
-0.0079595
-0.00804505
-0.00813272
-0.0082215
-0.00831048
-0.00839926
-0.00849211
-0.00858235
-0.0086718
-0.00876507
-0.00885309
-0.0089455
-0.00903764
-0.00912255
-0.00921625
-0.00930664
-0.00938642
-0.00947825
-0.00956588
-0.00964122
-0.00972884
-0.00981182
-0.00988237
-0.00996079
-0.0100407
-0.0101046
-0.0101704
-0.0102364
-0.0102851
0.000190156
0.000779121
0.00144839
0.00200258
0.00235046
0.00246826
0.00237309
0.00211319
0.00174967
0.00133936
0.000924857
0.000527563
0.000146678
-0.000223224
-0.000578193
-0.000917486
-0.00125479
-0.00160773
-0.001989
-0.00240164
-0.00284124
-0.00330009
-0.00377204
-0.00425143
-0.00472653
-0.00517443
-0.00556992
-0.00589146
-0.00612371
-0.00625767
-0.00629096
-0.00623604
-0.00611681
-0.00596591
-0.00581346
-0.00568168
-0.00558221
-0.00552006
-0.0054947
-0.00550113
-0.0055332
-0.0055804
-0.0056377
-0.00570267
-0.0057731
-0.00584577
-0.00592023
-0.00599705
-0.00607515
-0.00615494
-0.00623559
-0.0063161
-0.00639524
-0.00647479
-0.00655256
-0.00663049
-0.00670965
-0.00678765
-0.00687016
-0.0069524
-0.00703467
-0.00711745
-0.00719841
-0.00728065
-0.00736162
-0.00744413
-0.00752734
-0.00761164
-0.0076994
-0.00778362
-0.00786909
-0.00795602
-0.00804172
-0.0081295
-0.00821844
-0.00830755
-0.00839638
-0.0084891
-0.00857936
-0.00866887
-0.00876202
-0.00885017
-0.00894247
-0.00903462
-0.00911971
-0.00921318
-0.00930354
-0.00938366
-0.00947528
-0.00956301
-0.00963875
-0.00972584
-0.00980888
-0.00988031
-0.00995865
-0.010038
-0.0101028
-0.010169
-0.0102351
-0.0102842
-2.80836e-05
0.000567757
0.0012548
0.00183463
0.00221356
0.00236452
0.00230009
0.00206352
0.00171159
0.00130142
0.000880113
0.000475121
8.96836e-05
-0.00028201
-0.000637809
-0.000976107
-0.00130759
-0.0016492
-0.00201546
-0.00241172
-0.00283366
-0.00327206
-0.00372009
-0.00417347
-0.00462294
-0.00504832
-0.00542679
-0.00573899
-0.00597173
-0.00611725
-0.00617179
-0.00614377
-0.00605245
-0.00592575
-0.00579094
-0.00566977
-0.00557521
-0.00551439
-0.00548882
-0.00549439
-0.00552551
-0.00557246
-0.00562981
-0.00569498
-0.00576565
-0.00583835
-0.00591292
-0.00598993
-0.00606837
-0.00614837
-0.00622907
-0.00630963
-0.00638867
-0.00646806
-0.00654563
-0.0066235
-0.00670287
-0.0067812
-0.00686415
-0.00694696
-0.00702961
-0.00711248
-0.0071933
-0.00727562
-0.0073567
-0.00743946
-0.00752312
-0.00760772
-0.00769581
-0.00778016
-0.00786534
-0.00795224
-0.0080381
-0.00812608
-0.00821518
-0.00830436
-0.00839329
-0.00848589
-0.00857615
-0.00866572
-0.00875874
-0.00884704
-0.00893927
-0.00903138
-0.00911668
-0.00920989
-0.00930021
-0.00938072
-0.00947213
-0.00955992
-0.00963612
-0.00972264
-0.0098057
-0.00987812
-0.00995639
-0.0100351
-0.0101008
-0.0101676
-0.0102336
-0.0102832
-0.000244164
0.000358034
0.00106077
0.0016633
0.00206989
0.0022511
0.0022154
0.00200216
0.00166472
0.00125862
0.000833735
0.000422524
3.27013e-05
-0.00034094
-0.000697274
-0.00103449
-0.00136102
-0.0016919
-0.00204223
-0.00242048
-0.00282392
-0.00324193
-0.00366647
-0.00409419
-0.00451853
-0.00492225
-0.00528452
-0.00558737
-0.00581945
-0.00597453
-0.00604818
-0.00604522
-0.00598086
-0.0058789
-0.00576336
-0.00565464
-0.00556658
-0.00550795
-0.00548235
-0.00548711
-0.00551692
-0.00556335
-0.00562076
-0.00568604
-0.00575702
-0.00583
-0.00590484
-0.00598218
-0.00606108
-0.00614136
-0.00622211
-0.00630273
-0.00638162
-0.00646081
-0.00653821
-0.00661592
-0.00669556
-0.00677433
-0.0068577
-0.00694113
-0.00702421
-0.00710717
-0.00718785
-0.00727014
-0.0073514
-0.00743447
-0.0075186
-0.00760349
-0.00769191
-0.00777646
-0.00786136
-0.00794821
-0.00803418
-0.00812239
-0.00821172
-0.00830092
-0.00838993
-0.00848246
-0.00857275
-0.00866237
-0.0087552
-0.00884369
-0.00893586
-0.00902789
-0.00911345
-0.00920637
-0.00929663
-0.00937761
-0.00946877
-0.00955657
-0.00963335
-0.00971926
-0.00980227
-0.0098758
-0.00995399
-0.010032
-0.0100986
-0.010166
-0.0102319
-0.010282
-0.000458838
0.000149239
0.000866055
0.00148906
0.00192049
0.00212911
0.00212009
0.00192948
0.00160841
0.00120995
0.000784416
0.000368731
-2.47331e-05
-0.000399999
-0.000756539
-0.00109208
-0.00141396
-0.00173516
-0.00206952
-0.00242841
-0.00281221
-0.00320974
-0.00361123
-0.00401378
-0.00441367
-0.00479671
-0.0051435
-0.00543702
-0.00566752
-0.00583025
-0.00592078
-0.00594103
-0.00590234
-0.00582495
-0.00572987
-0.00563547
-0.00555568
-0.0055005
-0.00547525
-0.00547935
-0.00550769
-0.00555311
-0.00561052
-0.00567583
-0.0057471
-0.00582058
-0.00589592
-0.00597371
-0.00605311
-0.00613374
-0.00621462
-0.0062954
-0.00637412
-0.00645304
-0.00653026
-0.00660778
-0.00668769
-0.00676703
-0.00685085
-0.00693488
-0.0070184
-0.00710149
-0.00718203
-0.00726423
-0.00734569
-0.00742916
-0.00751383
-0.00759899
-0.00768769
-0.00777245
-0.00785711
-0.00794393
-0.00802996
-0.00811836
-0.00820802
-0.0082973
-0.00838633
-0.00847876
-0.00856911
-0.00865881
-0.00875139
-0.00884008
-0.00893225
-0.00902416
-0.00911001
-0.00920262
-0.00929277
-0.0093743
-0.00946521
-0.00955296
-0.00963041
-0.00971568
-0.00979856
-0.00987334
-0.00995146
-0.0100287
-0.0100963
-0.0101643
-0.01023
-0.0102807
-0.000672216
-5.86414e-05
0.00067099
0.00131249
0.00176637
0.00199972
0.00201537
0.00184631
0.00154222
0.00115413
0.000730971
0.000312917
-8.27781e-05
-0.000458617
-0.00081483
-0.00114831
-0.00146538
-0.00177781
-0.00209703
-0.00243576
-0.00279869
-0.00317553
-0.00355473
-0.00393305
-0.00430931
-0.00467226
-0.00500399
-0.00528825
-0.00551659
-0.00568527
-0.00579034
-0.00583186
-0.00581737
-0.00576383
-0.00568983
-0.00561151
-0.0055417
-0.00549147
-0.00546738
-0.00547091
-0.00549793
-0.00554191
-0.00559895
-0.00566433
-0.00573581
-0.00580987
-0.00588591
-0.00596432
-0.00604437
-0.00612552
-0.00620664
-0.00628762
-0.00636618
-0.00644472
-0.00652173
-0.00659908
-0.00667922
-0.00675917
-0.00684354
-0.00692817
-0.00701212
-0.00709537
-0.00717582
-0.00725792
-0.00733955
-0.00742345
-0.00750877
-0.00759418
-0.00768307
-0.00776812
-0.00785254
-0.00793939
-0.00802554
-0.00811403
-0.00820399
-0.00829345
-0.00838252
-0.00847474
-0.00856518
-0.00865505
-0.00874731
-0.0088362
-0.0089284
-0.00902018
-0.00910636
-0.00919862
-0.00928863
-0.00937077
-0.00946143
-0.00954907
-0.00962729
-0.0097119
-0.00979457
-0.00987075
-0.00994878
-0.0100251
-0.0100937
-0.0101626
-0.0102279
-0.0102791
-0.000884411
-0.000265502
0.000475937
0.00113403
0.00160824
0.00186393
0.00190215
0.00175342
0.00146613
0.00109038
0.000672763
0.000254461
-0.000142012
-0.000517027
-0.000872002
-0.00120312
-0.00151491
-0.00181866
-0.00212407
-0.00244302
-0.00278417
-0.00314006
-0.00349778
-0.00385295
-0.00420617
-0.00454917
-0.00486617
-0.00514148
-0.00536724
-0.00554039
-0.0056577
-0.00571831
-0.00572649
-0.00569582
-0.00564284
-0.00558194
-0.00552386
-0.0054801
-0.00545841
-0.00546169
-0.00548754
-0.00553005
-0.00558623
-0.00565144
-0.00572312
-0.00579767
-0.00587456
-0.00595395
-0.00603482
-0.00611667
-0.0061981
-0.00627926
-0.00635771
-0.00643583
-0.00651254
-0.00658976
-0.00667014
-0.00675074
-0.00683579
-0.00692109
-0.00700538
-0.00708876
-0.00716918
-0.00725117
-0.00733301
-0.00741725
-0.00750332
-0.00758918
-0.00767811
-0.00776345
-0.00784767
-0.00793449
-0.00802086
-0.00810944
-0.00819957
-0.00828925
-0.00837852
-0.00847049
-0.00856097
-0.00865104
-0.00874293
-0.00883204
-0.0089243
-0.00901588
-0.00910252
-0.00919438
-0.00928415
-0.00936703
-0.00945743
-0.00954488
-0.009624
-0.00970792
-0.00979028
-0.00986802
-0.00994596
-0.0100213
-0.010091
-0.0101607
-0.0102256
-0.0102773
-0.00109483
-0.000470713
0.000281512
0.000954277
0.00144664
0.00172265
0.00178154
0.00165202
0.00138106
0.00101846
0.000609035
0.000192773
-0.000203199
-0.00057579
-0.000927998
-0.00125606
-0.00156208
-0.00185687
-0.00214984
-0.00245047
-0.00276942
-0.00310374
-0.00344054
-0.00377361
-0.00410449
-0.00442791
-0.00473058
-0.00499731
-0.00522
-0.00539623
-0.00552364
-0.00560112
-0.00563038
-0.00562159
-0.00558904
-0.00554612
-0.00550139
-0.00546566
-0.00544777
-0.0054516
-0.00547643
-0.0055175
-0.00557258
-0.00563716
-0.00570901
-0.00578412
-0.00586174
-0.00594245
-0.00602444
-0.00610706
-0.00618888
-0.00627017
-0.00634858
-0.00642637
-0.00650281
-0.00657983
-0.0066605
-0.00674183
-0.00682745
-0.00691351
-0.00699815
-0.00708158
-0.00716207
-0.00724397
-0.00732607
-0.00741066
-0.00749745
-0.0075839
-0.00767288
-0.00775832
-0.00784239
-0.00792918
-0.00801583
-0.00810467
-0.00819489
-0.00828468
-0.00837426
-0.00846601
-0.00855642
-0.00864672
-0.00873825
-0.00882761
-0.00891997
-0.00901126
-0.00909845
-0.00918993
-0.00927933
-0.00936306
-0.00945322
-0.00954039
-0.00962049
-0.00970371
-0.00978569
-0.00986515
-0.00994299
-0.0100172
-0.0100881
-0.0101586
-0.0102231
-0.0102752
-0.00130291
-0.000673958
8.79057e-05
0.000773523
0.0012819
0.00157643
0.00165458
0.00154327
0.00128808
0.00093854
0.000539129
0.000127676
-0.000266342
-0.000635152
-0.000982833
-0.00130693
-0.00160701
-0.00189261
-0.00217371
-0.00245758
-0.00275474
-0.00306698
-0.00338341
-0.00369567
-0.00400521
-0.0043096
-0.00459805
-0.00485616
-0.0050753
-0.00525341
-0.00538915
-0.00548132
-0.00552967
-0.00554157
-0.0055287
-0.00550361
-0.00547347
-0.00544746
-0.00543478
-0.00544023
-0.00546444
-0.00550412
-0.00555819
-0.0056218
-0.00569334
-0.00576923
-0.00584752
-0.00592949
-0.006013
-0.00609649
-0.00617879
-0.00626036
-0.00633884
-0.00641629
-0.00649244
-0.0065693
-0.0066502
-0.00673244
-0.00681862
-0.00690533
-0.00699041
-0.00707382
-0.00715441
-0.00723636
-0.00731876
-0.00740367
-0.00749109
-0.00757812
-0.00766728
-0.00775288
-0.00783675
-0.0079235
-0.00801046
-0.00809965
-0.00818994
-0.00827968
-0.00836961
-0.0084613
-0.00855165
-0.00864211
-0.00873322
-0.00882291
-0.00891538
-0.00900627
-0.00909412
-0.00918524
-0.00927417
-0.00935886
-0.00944875
-0.00953556
-0.0096168
-0.00969927
-0.00978077
-0.00986213
-0.00993985
-0.0100128
-0.0100849
-0.0101565
-0.0102204
-0.0102729
-0.00150879
-0.000875379
-0.000104766
0.000592306
0.00111493
0.00142635
0.00152251
0.00142835
0.00118816
0.000851302
0.000462806
5.8855e-05
-0.000331433
-0.000695765
-0.00103743
-0.00135619
-0.00164994
-0.00192598
-0.00219502
-0.00246354
-0.00274051
-0.00303082
-0.00332711
-0.00361971
-0.00390899
-0.00419485
-0.00446898
-0.00471816
-0.00493344
-0.00511253
-0.00525503
-0.00535983
-0.00542505
-0.00545617
-0.00546236
-0.00545463
-0.00543954
-0.00542469
-0.00541879
-0.00542697
-0.00545138
-0.00548986
-0.00554285
-0.00560562
-0.00567618
-0.00575275
-0.00583191
-0.00591487
-0.00600019
-0.00608503
-0.00616793
-0.00624973
-0.00632832
-0.00640539
-0.00648133
-0.00655823
-0.00663933
-0.00672251
-0.00680931
-0.00689651
-0.00698206
-0.00706555
-0.00714622
-0.0072282
-0.00731095
-0.00739622
-0.00748434
-0.00757193
-0.00766128
-0.00774718
-0.00783082
-0.00791738
-0.00800456
-0.00809417
-0.00818478
-0.00827444
-0.00836466
-0.00845627
-0.00854656
-0.00863721
-0.00872777
-0.0088179
-0.00891062
-0.00900091
-0.00908949
-0.00918031
-0.00926862
-0.00935447
-0.00944407
-0.00953037
-0.00961289
-0.00969461
-0.00977551
-0.00985894
-0.00993656
-0.0100082
-0.0100816
-0.0101542
-0.0102175
-0.0102703
-0.00171295
-0.00107501
-0.000296051
0.000411587
0.000946949
0.00127361
0.00138631
0.00130806
0.00108209
0.000757606
0.000380219
-1.45101e-05
-0.000399087
-0.000758308
-0.00109265
-0.00140405
-0.00169062
-0.00195693
-0.00221373
-0.00246792
-0.00272661
-0.00299572
-0.00327191
-0.00354592
-0.00381632
-0.00408428
-0.004344
-0.00458397
-0.0047951
-0.00497448
-0.00512206
-0.00523738
-0.00531745
-0.00536612
-0.00539064
-0.00539974
-0.00539948
-0.00539658
-0.00539908
-0.00541126
-0.00543672
-0.00547463
-0.00552634
-0.00558858
-0.00565802
-0.00573468
-0.00581507
-0.00589892
-0.00598596
-0.0060725
-0.0061562
-0.00623807
-0.00631678
-0.00639359
-0.00646948
-0.00654669
-0.00662791
-0.00671199
-0.00679952
-0.00688712
-0.00697301
-0.00705671
-0.00713744
-0.00721944
-0.00730272
-0.00738835
-0.0074772
-0.00756537
-0.0076547
-0.00774107
-0.00782459
-0.00791083
-0.00799824
-0.00808827
-0.00817933
-0.00826896
-0.00835933
-0.0084508
-0.00854112
-0.0086321
-0.00872206
-0.00881253
-0.00890558
-0.0089952
-0.00908455
-0.00917512
-0.00926269
-0.00934984
-0.00943916
-0.00952479
-0.00960869
-0.00968975
-0.00976996
-0.00985555
-0.0099331
-0.0100033
-0.0100779
-0.0101516
-0.0102143
-0.0102673
-0.00191491
-0.00127223
-0.00048523
0.000232153
0.000778685
0.00111872
0.00124645
0.00118311
0.000970917
0.000658725
0.00029238
-9.22622e-05
-0.000469152
-0.000821963
-0.00114821
-0.00145066
-0.00172918
-0.00198598
-0.00223058
-0.0024709
-0.00271278
-0.00296204
-0.00321853
-0.00347481
-0.0037276
-0.00397833
-0.00422365
-0.0044542
-0.00466087
-0.00483989
-0.00499102
-0.00511482
-0.00520803
-0.00527234
-0.00531393
-0.00533922
-0.00535347
-0.0053627
-0.00537474
-0.00539266
-0.00542
-0.00545815
-0.00550865
-0.00557036
-0.00563916
-0.00571525
-0.00579674
-0.00588182
-0.00597021
-0.0060584
-0.00614329
-0.00622539
-0.00630419
-0.00638089
-0.00645682
-0.00653446
-0.00661605
-0.00670101
-0.00678921
-0.00687715
-0.00696321
-0.00704707
-0.00712811
-0.00721017
-0.00729403
-0.00738006
-0.00746957
-0.00755838
-0.00764754
-0.00773442
-0.00781819
-0.00790408
-0.00799142
-0.00808181
-0.00817337
-0.00826319
-0.00835391
-0.00844501
-0.00853527
-0.0086267
-0.00871598
-0.00880678
-0.00890021
-0.00898918
-0.00907938
-0.00916963
-0.00925628
-0.00934496
-0.00943412
-0.0095189
-0.00960419
-0.00968461
-0.00976415
-0.00985196
-0.00992941
-0.00999805
-0.0100741
-0.010149
-0.010211
-0.0102641
-0.00211381
-0.00146644
-0.000671713
5.47442e-05
0.000611188
0.000962755
0.00110399
0.00105463
0.0008557
0.000555561
0.000200183
-0.00017393
-0.000541602
-0.000886721
-0.00120462
-0.00149738
-0.00176656
-0.00201369
-0.00224616
-0.0024727
-0.00269888
-0.00292987
-0.00316754
-0.00340667
-0.00364304
-0.00387751
-0.00410875
-0.00432959
-0.00453125
-0.00470916
-0.00486263
-0.00499306
-0.00509775
-0.00517596
-0.00523278
-0.00527359
-0.00530213
-0.00532329
-0.00534512
-0.00537038
-0.00540083
-0.00543973
-0.0054896
-0.00555075
-0.00561951
-0.00569502
-0.00577688
-0.00586345
-0.00595323
-0.00604272
-0.00612908
-0.00621173
-0.00629044
-0.00636704
-0.00644328
-0.0065215
-0.00660365
-0.00668959
-0.0067783
-0.00686651
-0.00695281
-0.00703683
-0.00711816
-0.00720035
-0.00728477
-0.00737124
-0.0074614
-0.00755092
-0.00764001
-0.00772729
-0.00781135
-0.00789714
-0.0079842
-0.00807477
-0.00816698
-0.00825704
-0.0083483
-0.00843893
-0.00852876
-0.00862091
-0.00870977
-0.00880073
-0.00889449
-0.00898284
-0.00907396
-0.00916384
-0.00924942
-0.00933981
-0.00942887
-0.00951265
-0.00959938
-0.0096792
-0.00975801
-0.00984813
-0.00992554
-0.00999264
-0.01007
-0.010146
-0.0102074
-0.0102607
-0.00230886
-0.0016573
-0.000855268
-0.000120296
0.000445219
0.000806727
0.000959803
0.000923369
0.000737105
0.000448889
0.000104571
-0.00025893
-0.000616752
-0.000953256
-0.00126233
-0.0015448
-0.00180322
-0.00204
-0.00226069
-0.00247356
-0.00268496
-0.00289911
-0.00311904
-0.00334171
-0.00356286
-0.0037823
-0.00399989
-0.00421061
-0.0044067
-0.00458308
-0.00473797
-0.00487337
-0.00498738
-0.00507783
-0.00514802
-0.00520321
-0.00524585
-0.00527874
-0.00531014
-0.00534347
-0.0053788
-0.00541913
-0.00546889
-0.00552979
-0.00559864
-0.00567403
-0.0057559
-0.00584374
-0.00593521
-0.00602579
-0.00611316
-0.00619668
-0.00627559
-0.006352
-0.00642879
-0.00650774
-0.00659066
-0.00667778
-0.00676695
-0.00685538
-0.00694175
-0.0070259
-0.00710748
-0.00718977
-0.00727499
-0.00736197
-0.0074528
-0.00754297
-0.00763199
-0.00771969
-0.00780389
-0.00788983
-0.00797688
-0.00806733
-0.00816006
-0.00825025
-0.0083422
-0.00843288
-0.00852209
-0.00861462
-0.0087032
-0.00879435
-0.00888827
-0.00897611
-0.00906839
-0.00915782
-0.00924213
-0.00933428
-0.0094234
-0.0095061
-0.00959423
-0.00967357
-0.00975169
-0.00984403
-0.00992137
-0.00998702
-0.0100657
-0.0101428
-0.0102036
-0.010257
-0.0024998
-0.00184455
-0.00103592
-0.000292964
0.00028108
0.000651562
0.000814883
0.000790245
0.000616113
0.000339786
6.54727e-06
-0.000346481
-0.000694165
-0.00102109
-0.00132052
-0.00159235
-0.00183953
-0.00206531
-0.00227462
-0.00247435
-0.00267164
-0.00287021
-0.00307339
-0.00328042
-0.00348733
-0.00369296
-0.0038974
-0.00409784
-0.00428782
-0.00446228
-0.00461779
-0.00475642
-0.00487782
-0.00497882
-0.00506111
-0.00512912
-0.00518514
-0.00522963
-0.00527006
-0.00531143
-0.005353
-0.00539605
-0.00544608
-0.00550704
-0.00557632
-0.00565226
-0.00573447
-0.00582305
-0.00591584
-0.00600778
-0.00609577
-0.00617976
-0.00625956
-0.00633581
-0.00641308
-0.00649328
-0.00657708
-0.00666557
-0.00675516
-0.00684358
-0.00692983
-0.0070142
-0.00709617
-0.00717852
-0.0072648
-0.00735238
-0.00744361
-0.00753435
-0.00762325
-0.00771167
-0.00779626
-0.00788212
-0.00796926
-0.00805948
-0.00815259
-0.00824311
-0.00833563
-0.00842653
-0.00851522
-0.00860783
-0.00869606
-0.00878779
-0.00888193
-0.00896896
-0.00906247
-0.00915153
-0.00923442
-0.00932842
-0.00941776
-0.00949928
-0.0095887
-0.00966765
-0.00974513
-0.00983969
-0.00991692
-0.00998116
-0.0100612
-0.0101394
-0.0101995
-0.010253
-0.00268657
-0.00202788
-0.00121332
-0.000462828
0.000119473
0.000498632
0.00067115
0.00065707
0.000494227
0.000229284
-9.31025e-05
-0.000435794
-0.000773183
-0.00109007
-0.0013795
-0.00164078
-0.00187669
-0.00209087
-0.00228851
-0.00247567
-0.00265919
-0.00284329
-0.00303077
-0.003223
-0.00341665
-0.00360967
-0.00380191
-0.00399198
-0.00417527
-0.00434699
-0.00450274
-0.00464321
-0.00477008
-0.0048801
-0.00497313
-0.00505238
-0.00512023
-0.00517622
-0.00522548
-0.00527442
-0.00532268
-0.00536993
-0.0054212
-0.00548241
-0.00555259
-0.00562968
-0.00571252
-0.00580156
-0.00589504
-0.00598845
-0.00607737
-0.00616091
-0.00624168
-0.00631881
-0.00639632
-0.00647793
-0.00656304
-0.00665258
-0.00674271
-0.00683119
-0.00691725
-0.00700181
-0.00708448
-0.00716688
-0.00725394
-0.00734234
-0.0074337
-0.00752495
-0.00761421
-0.00770326
-0.00778827
-0.00787402
-0.00796114
-0.00805147
-0.0081448
-0.00823523
-0.00832841
-0.00841975
-0.0085082
-0.00860093
-0.00868852
-0.00878074
-0.00887525
-0.00896151
-0.00905622
-0.00914504
-0.00922648
-0.00932217
-0.00941183
-0.00949213
-0.00958278
-0.00966159
-0.00973844
-0.00983495
-0.00991217
-0.00997522
-0.0100565
-0.0101356
-0.0101952
-0.0102489
-0.00286891
-0.0022068
-0.00138652
-0.000628881
-3.86475e-05
0.000348816
0.000529722
0.00052473
0.000371923
0.00011756
-0.000194128
-0.000526476
-0.000853494
-0.00116024
-0.00143947
-0.00169014
-0.00191467
-0.002117
-0.00230265
-0.00247769
-0.00264815
-0.00281868
-0.00299188
-0.00316979
-0.00335092
-0.00353224
-0.00371332
-0.00389335
-0.0040695
-0.00423779
-0.0043933
-0.004535
-0.00466537
-0.00478272
-0.00488503
-0.00497396
-0.00505212
-0.00511907
-0.0051773
-0.00523303
-0.00528757
-0.00534004
-0.00539402
-0.00545576
-0.00552683
-0.00560582
-0.00569012
-0.00577958
-0.0058733
-0.00596764
-0.00605783
-0.00614086
-0.00622156
-0.00630082
-0.00637904
-0.00646137
-0.0065484
-0.00663893
-0.00672962
-0.00681832
-0.00690413
-0.00698879
-0.00707216
-0.00715479
-0.00724219
-0.00733167
-0.0074235
-0.00751474
-0.00760455
-0.00769442
-0.00777984
-0.0078658
-0.00795263
-0.00804306
-0.00813686
-0.00822685
-0.0083206
-0.00841262
-0.00850084
-0.00859375
-0.00868066
-0.00877296
-0.00886817
-0.00895412
-0.00904965
-0.00913812
-0.00921826
-0.00931548
-0.00940568
-0.00948487
-0.0095764
-0.00965529
-0.0097318
-0.0098299
-0.00990696
-0.00996915
-0.0100518
-0.0101315
-0.0101907
-0.0102447
-0.00304619
-0.00238086
-0.00155496
-0.000790505
-0.000192824
0.000202366
0.000391058
0.000394216
0.000250464
5.95519e-06
-0.000295402
-0.000617535
-0.000934409
-0.00123099
-0.0015
-0.00174005
-0.00195346
-0.00214411
-0.00231787
-0.00248092
-0.00263916
-0.00279686
-0.00295694
-0.00312142
-0.00329033
-0.00346103
-0.00363189
-0.00380264
-0.00397123
-0.00413512
-0.00428967
-0.00443232
-0.0045648
-0.00468744
-0.00479761
-0.00489511
-0.00498228
-0.00505885
-0.00512585
-0.00518784
-0.00524793
-0.0053058
-0.00536384
-0.00542715
-0.00549925
-0.00558076
-0.00566734
-0.00575745
-0.00585097
-0.00594541
-0.00603661
-0.00611997
-0.0061997
-0.00628084
-0.00636135
-0.006444
-0.00653299
-0.00662484
-0.00671568
-0.00680476
-0.00689024
-0.00697507
-0.00705903
-0.00714254
-0.00723063
-0.00732041
-0.00741282
-0.00750356
-0.00759387
-0.00768547
-0.00777107
-0.0078573
-0.007944
-0.0080339
-0.00812849
-0.00821832
-0.00831216
-0.0084051
-0.00849307
-0.00858613
-0.008673
-0.00876489
-0.00886043
-0.00894678
-0.00904271
-0.00913061
-0.00920998
-0.00930845
-0.00939915
-0.00947744
-0.00956949
-0.00964874
-0.00972525
-0.00982438
-0.00990133
-0.00996323
-0.010047
-0.010127
-0.010186
-0.0102404
-0.00321719
-0.00254919
-0.00171826
-0.000947361
-0.000342747
5.96316e-05
0.000255639
0.000266515
0.000131156
-0.000104207
-0.00039594
-0.000708238
-0.00101532
-0.00130194
-0.00156097
-0.00179066
-0.00199333
-0.00217275
-0.00233495
-0.00248624
-0.0026327
-0.00277835
-0.00292611
-0.00307821
-0.00323517
-0.00339578
-0.00355732
-0.00371944
-0.00388065
-0.00403946
-0.00419234
-0.00433563
-0.00446958
-0.00459568
-0.00471225
-0.00481705
-0.00491188
-0.00499652
-0.00507135
-0.00513949
-0.00520446
-0.00526736
-0.00533023
-0.00539682
-0.00547039
-0.00555421
-0.00564385
-0.00573498
-0.00582792
-0.005922
-0.00601346
-0.00609773
-0.00617696
-0.00625884
-0.00634318
-0.00642692
-0.00651652
-0.00661002
-0.00670079
-0.00679014
-0.00687555
-0.00696085
-0.00704585
-0.00713015
-0.00721909
-0.00730829
-0.00740091
-0.00749208
-0.00758263
-0.00767603
-0.00776215
-0.00784828
-0.00793529
-0.00802453
-0.00811932
-0.00820958
-0.00830334
-0.00839697
-0.00848512
-0.00857803
-0.00866524
-0.00875686
-0.008852
-0.00893917
-0.00903571
-0.00912267
-0.00920152
-0.00930109
-0.00939246
-0.00947003
-0.009562
-0.00964191
-0.0097189
-0.00981839
-0.00989515
-0.00995739
-0.010042
-0.0101221
-0.0101813
-0.0102362
-0.00338126
-0.00271106
-0.00187592
-0.001099
-0.000487657
-7.82936e-05
0.000124697
0.000142683
1.50012e-05
-0.000212146
-0.000495006
-0.000798173
-0.00109593
-0.00137304
-0.00162235
-0.001842
-0.00203418
-0.00220282
-0.00235405
-0.00249405
-0.00262904
-0.0027633
-0.0028996
-0.00304033
-0.00318614
-0.00333686
-0.00348984
-0.00364388
-0.00379815
-0.00395148
-0.00410167
-0.00424504
-0.00438029
-0.00450864
-0.00462968
-0.00474078
-0.00484196
-0.0049332
-0.00501462
-0.00508845
-0.00515815
-0.00522538
-0.00529308
-0.00536416
-0.00544052
-0.00552638
-0.00561917
-0.00571258
-0.00580473
-0.00589759
-0.00598864
-0.00607368
-0.00615385
-0.0062358
-0.00632345
-0.00641025
-0.00649951
-0.0065938
-0.00668522
-0.00677433
-0.00686028
-0.00694643
-0.00703235
-0.00711744
-0.00720702
-0.0072961
-0.00738837
-0.0074801
-0.00757109
-0.00766551
-0.00775305
-0.00783917
-0.00792614
-0.00801526
-0.00810956
-0.00820014
-0.00829448
-0.00838853
-0.00847683
-0.00856948
-0.00865695
-0.00874874
-0.00884358
-0.0089312
-0.0090281
-0.00911456
-0.00919305
-0.0092932
-0.00938561
-0.00946286
-0.00955396
-0.00963476
-0.0097129
-0.00981204
-0.00988853
-0.00995186
-0.010037
-0.0101168
-0.0101764
-0.010232
-0.00353789
-0.00286575
-0.00202701
-0.00124487
-0.000627085
-0.000211055
-1.37212e-06
2.30263e-05
-9.7751e-05
-0.000317381
-0.000591969
-0.000886454
-0.00117548
-0.00144358
-0.00168364
-0.00189367
-0.00207587
-0.00223432
-0.00237526
-0.00250472
-0.00262882
-0.00275222
-0.00287787
-0.00300787
-0.00314334
-0.00328432
-0.00342906
-0.00357568
-0.00372336
-0.00387154
-0.00401829
-0.00416125
-0.0042974
-0.00442747
-0.00455152
-0.00466743
-0.00477375
-0.00486985
-0.00495671
-0.00503534
-0.00510933
-0.0051804
-0.00525274
-0.0053292
-0.00540998
-0.0054984
-0.00559372
-0.00568961
-0.00578095
-0.00587213
-0.00596234
-0.00604791
-0.00613006
-0.00621286
-0.00630261
-0.00639311
-0.00648307
-0.00657647
-0.00666855
-0.00675811
-0.00684408
-0.00693117
-0.0070184
-0.00710488
-0.00719507
-0.00728396
-0.00737549
-0.007467
-0.00755902
-0.00765431
-0.00774335
-0.00783041
-0.00791678
-0.00800568
-0.00809953
-0.00818995
-0.00828546
-0.00838029
-0.00846799
-0.0085604
-0.00864862
-0.00874047
-0.00883521
-0.00892307
-0.00901957
-0.00910624
-0.00918514
-0.00928473
-0.00937808
-0.00945587
-0.00954551
-0.00962732
-0.00970717
-0.00980514
-0.00988148
-0.00994668
-0.0100319
-0.0101112
-0.0101719
-0.0102282
-0.0036866
-0.00301254
-0.00217067
-0.00138412
-0.00076056
-0.000338149
-0.000122086
-9.15814e-05
-0.000206199
-0.000418915
-0.000685982
-0.000972355
-0.00125336
-0.00151319
-0.00174467
-0.00194562
-0.00211843
-0.00226734
-0.00239868
-0.00251834
-0.00263229
-0.00274539
-0.00286104
-0.00298108
-0.00310679
-0.00323855
-0.00337504
-0.00351488
-0.00365624
-0.0037995
-0.00394261
-0.00408447
-0.00422153
-0.00435286
-0.00447905
-0.00459806
-0.00470832
-0.00480785
-0.0048985
-0.00498059
-0.00505821
-0.00513342
-0.00521011
-0.00529254
-0.00537899
-0.00547077
-0.00556765
-0.00566548
-0.00575699
-0.00584606
-0.00593475
-0.00602064
-0.00610536
-0.0061902
-0.00628142
-0.00637499
-0.00646701
-0.00655902
-0.00665033
-0.00674092
-0.00682718
-0.00691548
-0.00700504
-0.0070929
-0.00718274
-0.007271
-0.00736261
-0.00745386
-0.00754636
-0.00764301
-0.00773298
-0.00782094
-0.00790762
-0.00799587
-0.00808959
-0.0081799
-0.00827543
-0.00837185
-0.00845924
-0.00855075
-0.00864035
-0.00873195
-0.00882655
-0.00891534
-0.00901042
-0.00909734
-0.00917786
-0.00927587
-0.00936988
-0.00944952
-0.00953708
-0.00961932
-0.00970146
-0.00979778
-0.00987402
-0.0099419
-0.0100267
-0.0101052
-0.0101674
-0.0102248
-0.00382697
-0.00315075
-0.00230612
-0.00151588
-0.000887461
-0.000459227
-0.000237138
-0.000200751
-0.000309676
-0.00051623
-0.000776549
-0.00105562
-0.00132916
-0.00158143
-0.00180498
-0.00199761
-0.00216166
-0.0023018
-0.00242418
-0.00253467
-0.00263923
-0.00274274
-0.00284901
-0.00295981
-0.00307627
-0.00319938
-0.003328
-0.00346132
-0.0035969
-0.00373547
-0.00387541
-0.00401566
-0.00415332
-0.00428569
-0.00441346
-0.00453425
-0.00464649
-0.00474801
-0.00484052
-0.00492522
-0.0050058
-0.00508524
-0.00516679
-0.005255
-0.00534773
-0.00544365
-0.00554198
-0.00564034
-0.00573207
-0.00581921
-0.00590583
-0.00599252
-0.00608041
-0.00616812
-0.0062609
-0.00635643
-0.0064503
-0.00654127
-0.0066307
-0.00672283
-0.00681075
-0.00689964
-0.00699117
-0.0070804
-0.00717027
-0.00725812
-0.00735007
-0.00744136
-0.00753284
-0.00763071
-0.00772234
-0.00781097
-0.00789921
-0.00798651
-0.00807884
-0.00817014
-0.00826507
-0.00836272
-0.00845121
-0.00854097
-0.00863178
-0.00872355
-0.00881733
-0.00890788
-0.00900133
-0.00908762
-0.00917107
-0.00926744
-0.00936091
-0.00944296
-0.00952888
-0.00961157
-0.00969592
-0.00978984
-0.00986645
-0.00993777
-0.0100215
-0.0100988
-0.0101633
-0.0102214
-0.00395909
-0.00328027
-0.00243282
-0.00163931
-0.00100682
-0.000573616
-0.000346014
-0.000304087
-0.000407573
-0.000608614
-0.000862949
-0.00113564
-0.00140237
-0.00164776
-0.00186412
-0.00204922
-0.00220534
-0.0023374
-0.00245158
-0.00255353
-0.00264952
-0.00274419
-0.0028418
-0.00294408
-0.00305196
-0.00316677
-0.00328791
-0.00341495
-0.00354531
-0.00367948
-0.00381654
-0.00395545
-0.00409345
-0.00422695
-0.00435528
-0.00447654
-0.00458913
-0.00469104
-0.00478407
-0.00487013
-0.00495338
-0.00503694
-0.00512393
-0.00521777
-0.00531674
-0.00541748
-0.00551675
-0.00561455
-0.00570594
-0.00579201
-0.00587709
-0.0059647
-0.00605593
-0.00614659
-0.00624131
-0.00633771
-0.00643213
-0.00652337
-0.00661174
-0.00670405
-0.00679405
-0.00688355
-0.0069765
-0.00706825
-0.00715835
-0.00724521
-0.00733705
-0.00742877
-0.00751935
-0.00761756
-0.0077116
-0.00780077
-0.00789006
-0.00797751
-0.00806799
-0.0081606
-0.00825516
-0.00835251
-0.00844324
-0.00853172
-0.00862289
-0.00871539
-0.00880804
-0.00890027
-0.00899266
-0.00907818
-0.00916425
-0.00925881
-0.00935162
-0.00943648
-0.0095213
-0.0096044
-0.00969034
-0.00978137
-0.00985902
-0.0099345
-0.0100164
-0.0100923
-0.0101601
-0.0102198
-0.00408226
-0.0034008
-0.0025504
-0.00175374
-0.00111764
-0.000680242
-0.000447951
-0.000401118
-0.00049961
-0.000695577
-0.000944672
-0.00121179
-0.00147271
-0.00171194
-0.00192197
-0.00210018
-0.00224921
-0.00237391
-0.00248057
-0.00257482
-0.00266274
-0.00274936
-0.00283878
-0.00293316
-0.00303304
-0.00314008
-0.00325422
-0.00337546
-0.00350139
-0.00363209
-0.00376691
-0.00390483
-0.00404286
-0.004177
-0.00430522
-0.0044255
-0.00453681
-0.00463729
-0.00472963
-0.00481628
-0.00490206
-0.00499027
-0.00508335
-0.00518314
-0.00528722
-0.00539219
-0.00549207
-0.00558833
-0.00567883
-0.00576411
-0.00584918
-0.00593816
-0.00603278
-0.00612671
-0.00622259
-0.00631957
-0.0064138
-0.00650543
-0.00659357
-0.00668495
-0.00677719
-0.00686877
-0.00696246
-0.00705587
-0.0071463
-0.00723247
-0.00732417
-0.00741702
-0.00750697
-0.00760341
-0.00769984
-0.00779056
-0.00788033
-0.00796891
-0.00805786
-0.00815039
-0.00824505
-0.00834177
-0.0084342
-0.00852287
-0.00861399
-0.0087062
-0.0087984
-0.00889235
-0.00898348
-0.00906867
-0.00915685
-0.00924923
-0.00934216
-0.0094299
-0.0095134
-0.0095974
-0.00968427
-0.00977145
-0.00985116
-0.00993173
-0.0100109
-0.010085
-0.0101564
-0.0102171
-0.00419587
-0.00351188
-0.00265871
-0.00185899
-0.00121964
-0.000778579
-0.000542365
-0.000491252
-0.000585322
-0.000776704
-0.00102116
-0.00128344
-0.00153932
-0.00177329
-0.00197777
-0.00215011
-0.00229294
-0.00241129
-0.00251121
-0.00259868
-0.002679
-0.00275799
-0.0028395
-0.00292635
-0.00301886
-0.00311862
-0.00322641
-0.00334236
-0.00346509
-0.0035933
-0.00372674
-0.003864
-0.004002
-0.0041361
-0.00426302
-0.0043807
-0.00448886
-0.00458687
-0.00467759
-0.00476494
-0.00485356
-0.00494706
-0.00504642
-0.00515197
-0.00526033
-0.00536756
-0.00546753
-0.00556113
-0.00565061
-0.00573632
-0.00582334
-0.00591474
-0.00601183
-0.00610917
-0.00620505
-0.006302
-0.00639599
-0.00648725
-0.00657706
-0.00666792
-0.00676183
-0.00685563
-0.00694896
-0.00704353
-0.00713511
-0.00722202
-0.00731334
-0.00740684
-0.0074964
-0.0075902
-0.00768877
-0.00778178
-0.00787203
-0.00796151
-0.00804973
-0.00814179
-0.00823565
-0.00833236
-0.0084262
-0.00851544
-0.00860744
-0.00869843
-0.00878927
-0.00888475
-0.00897555
-0.00906188
-0.00915132
-0.00923942
-0.00933308
-0.00942523
-0.00950738
-0.00959168
-0.00967883
-0.00976193
-0.00984453
-0.00993069
-0.0100064
-0.0100787
-0.0101546
-0.0102172
-0.00429906
-0.00361274
-0.00275705
-0.00195468
-0.00131252
-0.000868393
-0.000628751
-0.00057398
-0.000664269
-0.000851941
-0.0010925
-0.00135078
-0.00160236
-0.00183201
-0.0020319
-0.00219963
-0.00233731
-0.00245009
-0.00254403
-0.00262518
-0.00269867
-0.00277016
-0.00284405
-0.00292313
-0.00300893
-0.00310229
-0.00320494
-0.00331688
-0.00343752
-0.0035649
-0.00369801
-0.00383516
-0.00397207
-0.00410461
-0.004228
-0.00434121
-0.00444448
-0.0045391
-0.00462821
-0.00471655
-0.00480915
-0.0049085
-0.00501461
-0.00512473
-0.00523532
-0.00534162
-0.00544014
-0.0055315
-0.00561982
-0.00570798
-0.005798
-0.00589275
-0.00599145
-0.00609021
-0.00618587
-0.00628158
-0.00637621
-0.00646772
-0.0065596
-0.00665127
-0.00674503
-0.00684033
-0.0069338
-0.0070287
-0.00712183
-0.00721049
-0.00730129
-0.00739489
-0.00748503
-0.00757613
-0.00767488
-0.00777034
-0.00786195
-0.00795256
-0.00804058
-0.00813248
-0.0082248
-0.00832093
-0.00841714
-0.00850693
-0.00859953
-0.00869003
-0.00877846
-0.00887459
-0.00896706
-0.00905574
-0.00914514
-0.00922776
-0.00932185
-0.00941946
-0.00950145
-0.00958512
-0.00967131
-0.00975125
-0.0098377
-0.00992904
-0.0100009
-0.0100717
-0.0101521
-0.0102154
-0.0043895
-0.00370163
-0.00284413
-0.00203994
-0.00139574
-0.00094923
-0.000706702
-0.00064886
-0.000736153
-0.000921028
-0.0011588
-0.00141409
-0.00166243
-0.00188879
-0.00208551
-0.00224999
-0.00238389
-0.00249198
-0.00258059
-0.00265577
-0.00272314
-0.00278782
-0.00285437
-0.00292612
-0.00300552
-0.00309397
-0.00319296
-0.00330321
-0.00342384
-0.00355273
-0.00368719
-0.00382432
-0.00395913
-0.00408744
-0.00420519
-0.00431184
-0.00440948
-0.00450069
-0.0045901
-0.00468164
-0.00477981
-0.00488537
-0.00499631
-0.0051089
-0.00521857
-0.00532209
-0.00541791
-0.00550838
-0.00559717
-0.00568843
-0.00578285
-0.0058799
-0.00597887
-0.00607678
-0.00617209
-0.00626692
-0.00636178
-0.00645526
-0.00654819
-0.00664145
-0.00673495
-0.00682945
-0.00692409
-0.00701788
-0.00711191
-0.00720372
-0.00729402
-0.00738743
-0.00747804
-0.00756687
-0.00766412
-0.00776142
-0.00785558
-0.0079469
-0.0080348
-0.00812648
-0.0082171
-0.00831153
-0.0084095
-0.00850175
-0.00859351
-0.00868336
-0.00877198
-0.00886569
-0.0089588
-0.00905369
-0.00914214
-0.00921745
-0.00931169
-0.00941386
-0.00949839
-0.00958264
-0.00966462
-0.00974087
-0.00983336
-0.00992888
-0.00999564
-0.0100659
-0.0101514
-0.0102152
-0.00446068
-0.00377037
-0.00291044
-0.00210424
-0.00145843
-0.00101012
-0.000765469
-0.000705064
-0.000789977
-0.000972792
-0.00120902
-0.00146258
-0.00170874
-0.00193259
-0.00212682
-0.00228886
-0.00241954
-0.00252313
-0.00260567
-0.00267415
-0.00273446
-0.00279186
-0.00285056
-0.00291523
-0.00298925
-0.00307537
-0.00317449
-0.00328677
-0.00341053
-0.00354252
-0.00367939
-0.00381536
-0.00394627
-0.00406743
-0.00417764
-0.00427712
-0.00436939
-0.00445912
-0.0045502
-0.00464712
-0.00475077
-0.00486184
-0.00497551
-0.00508872
-0.00519665
-0.0052965
-0.00539051
-0.0054806
-0.00557215
-0.00566632
-0.00576501
-0.00586439
-0.00596288
-0.00606048
-0.00615447
-0.00624994
-0.00634448
-0.00644015
-0.00653541
-0.0066288
-0.00672368
-0.00681601
-0.0069112
-0.00700535
-0.00709856
-0.00719487
-0.00728567
-0.00737841
-0.00747014
-0.00755756
-0.00765371
-0.00775119
-0.00784741
-0.00794005
-0.00802777
-0.00811963
-0.0082095
-0.00830267
-0.00840056
-0.00849559
-0.0085883
-0.00867547
-0.00876592
-0.0088586
-0.00894812
-0.00905041
-0.00914157
-0.00920831
-0.00930159
-0.00940772
-0.00949394
-0.00958129
-0.0096598
-0.00973042
-0.00982878
-0.00992959
-0.0099907
-0.0100599
-0.0101512
-0.0102166
-0.00453901
-0.00384829
-0.00298747
-0.00218026
-0.00153375
-0.00108479
-0.000838968
-0.000776805
-0.000859928
-0.00104175
-0.00127767
-0.00153115
-0.00177682
-0.00200003
-0.00219349
-0.00235447
-0.00248281
-0.00258234
-0.00265887
-0.00272005
-0.00277239
-0.0028218
-0.00287289
-0.00293089
-0.00300074
-0.00308553
-0.00318608
-0.00330069
-0.00342714
-0.00356106
-0.00369856
-0.00383245
-0.00395866
-0.00407354
-0.00417713
-0.00427155
-0.00435966
-0.00444767
-0.00453846
-0.00463693
-0.00474248
-0.00485478
-0.00496903
-0.00508106
-0.00518768
-0.00528489
-0.0053773
-0.00546696
-0.00555946
-0.00565536
-0.00575543
-0.00585631
-0.00595417
-0.00605141
-0.00614475
-0.00624018
-0.00633525
-0.00643119
-0.00652805
-0.00662082
-0.0067163
-0.00680813
-0.00690214
-0.00699763
-0.00708952
-0.00718722
-0.00727938
-0.00737105
-0.00746382
-0.00755077
-0.00764573
-0.00774261
-0.00783931
-0.00793346
-0.0080208
-0.00811261
-0.00820244
-0.00829435
-0.00839201
-0.00848845
-0.00858236
-0.00866802
-0.00875872
-0.00885201
-0.00893833
-0.00904359
-0.0091397
-0.00920169
-0.00929147
-0.00940028
-0.00948772
-0.00957709
-0.00965553
-0.00972127
-0.00982084
-0.0099271
-0.00998587
-0.0100521
-0.0101466
-0.010213
)
;

boundaryField
{
    zeroGradientPlanes
    {
        type            zeroGradient;
    }
    inlet
    {
        type            zeroGradient;
    }
    plate
    {
        type            zeroGradient;
    }
    frontAndBack
    {
        type            empty;
    }
}


// ************************************************************************* //
